"X1","X2","X3","X4","X5","X6","X7","X8","X9","X10","X11","X12","X13","X14","X15","X16","X17","X18","X19","Y"
127,120,9,0.11111111,0,1.6666666,0.8444448,3.222222,4.0296273,23.666666,22.11111,30.444445,18.444445,-4.6666665,20.333334,-15.666667,30.444445,0.39486286,-1.7648901,1
14,138,9,0,0,0.50000006,0.12222217,0.50000006,0.077777766,4.962963,6.7777777,5.4444447,2.6666667,5.4444447,1.4444444,-6.888889,6.7777777,0.603836,-0.72289366,1
192,142,9,0.11111111,0,0.50000006,0.12222217,1.5000001,0.52222186,4.6666665,6.7777777,4.888889,2.3333335,6.3333335,0.6666667,-7,6.7777777,0.662037,-0.60486406,1
101,72,9,0,0,2.5000002,4.744444,1.7777777,6.296294,26.481482,23.555555,35.77778,20.11111,-8.777778,27.88889,-19.11111,35.77778,0.4368953,-1.8461579,1
65,143,9,0,0,0.3333334,0.13333334,0.4444445,0.074074075,5.037037,6.5555553,5.888889,2.6666667,4.5555553,2.5555556,-7.111111,6.6666665,0.5952381,-0.90741616,1
98,119,9,0.22222222,0,1.4444447,0.51851857,2.5555556,5.585183,21.592592,21.333334,27.333334,16.11111,-0.7777778,17.222221,-16.444445,27.333334,0.40821064,-1.5789601,1
28,131,9,0,0,0.22222216,0.074074045,0.77777773,0.20740731,5.185185,6.6666665,6,2.8888888,4.4444447,2.4444444,-6.888889,6.6666665,0.56613755,-0.87464094,1
95,57,9,0,0,1.8333327,3.4111106,2.1111107,1.7185175,26.296297,24.666666,34.444447,19.777779,-4.888889,24.444445,-19.555555,34.444447,0.42569095,-1.7390174,1
23,147,9,0,0,0.33333337,0.13333334,0.72222215,0.41851825,4.5925927,4.111111,7.4444447,2.2222223,-1.4444444,8.555555,-7.111111,7.6666665,0.6984448,-1.5617536,1
32,45,9,0,0,2.2777777,3.1740727,3.2777777,1.44074,21.925926,20.555555,28.777779,16.444445,-4.111111,20.555555,-16.444445,28.777779,0.42816728,-1.7353698,1
101,80,9,0,0,3.5555553,1.8518513,3,3.8666666,24.814816,24.333334,31.555555,18.555555,-1.4444444,20.222221,-18.777779,31.555555,0.4120944,-1.620451,1
188,133,9,0,0,0.33333334,0.26666674,0.5,0.077777736,6.6666665,8.333334,7.7777777,3.8888888,5,3.3333333,-8.333333,8.444445,0.53858024,-0.92481726,1
122,106,9,0.11111111,0,1.611111,0.59629595,1.6111113,2.7296302,23.037037,22,29.88889,17.222223,-3.1111112,20.555555,-17.444445,29.88889,0.42334643,-1.6958038,1
94,67,9,0,0,2.5555556,3.3629644,1.5555557,1.1851852,23.74074,22.88889,30.777779,17.555555,-2.5555556,21.11111,-18.555555,30.777779,0.42989677,-1.6701708,1
67,118,9,0,0,1.111111,0.38518602,2.2777777,4.2851844,21.11111,20.222221,27.333334,15.777778,-2.6666667,18.666666,-16,27.333334,0.41688403,-1.620749,1
38,41,9,0.11111111,0,1.7777777,1.6740736,1.6666666,1.7777781,22.481482,20.777779,29.777779,16.88889,-5.111111,21.88889,-16.777779,29.777779,0.4320471,-1.7716596,1
105,110,9,0,0,0.5,0.12222223,1.9444445,2.3740728,4.2222223,4.3333335,6.3333335,2,0.33333334,6.3333335,-6.6666665,6.3333335,0.7083333,-1.5397619,1
133,67,9,0,0,1.388889,1.3962967,2.1111114,1.2296311,27.148148,25.11111,35.88889,20.444445,-6.111111,26.222221,-20.11111,35.88889,0.42930815,-1.7683556,1
231,123,9,0,0,0.66666675,0.08888893,0.38888893,0.15185189,5.814815,7.111111,6.888889,3.4444444,3.8888888,3.2222223,-7.111111,7.3333335,0.53174603,-0.9884131,1
71,113,9,0,0,0.7222221,0.24074072,0.7222221,0.1518519,5.4814816,7.111111,6.3333335,3,4.888889,2.5555556,-7.4444447,7.111111,0.58002645,-0.8512021,1
136,70,9,0,0,1,0.31111133,1.7222223,2.196296,26.037037,24.444445,34,19.666668,-4.7777777,23.88889,-19.11111,34,0.42128146,-1.7451795,1
5,92,9,0,0,1.3333335,0.48888856,2.1666667,1.2777781,18.703703,18.777779,23.777779,13.555555,0.22222222,15.222222,-15.444445,23.777779,0.4288601,-1.5482956,1
81,98,9,0.11111111,0,1.2222227,0.42963,1.888889,3.2296317,20.88889,21,25.88889,15.777778,0.33333334,15,-15.333333,25.88889,0.38914663,-1.5288948,1
80,95,9,0,0,1.2222223,1.0074079,0.944444,0.5518514,21.407408,21.333334,26.666666,16.222223,-0.22222222,15.777778,-15.555555,26.666666,0.39043593,-1.5673273,1
38,112,9,0,0,0.55555564,0.3851852,1.0000001,0.0888888,6.2222223,7,8.111112,3.5555556,2.3333333,5.6666665,-8,8.111112,0.5591711,-1.2739921,1
201,135,9,0,0,0.5555555,0.29629624,0.888889,0.074073985,5.5185184,7.111111,6.4444447,3,4.7777777,2.7777777,-7.5555553,7.4444447,0.5994268,-0.89217883,1
229,124,9,0,0,0.888889,0.074073985,0.8888889,0.3407407,5.888889,7.111111,7.111111,3.4444444,3.6666667,3.6666667,-7.3333335,7.5555553,0.5458554,-1.0376626,1
75,107,9,0.11111111,0,1.1666665,0.34444454,1.7777777,1.5407407,16.703703,18.777779,19.444445,11.888889,6.2222223,8.222222,-14.444445,19.777779,0.39931142,-1.1319735,1
95,131,9,0,0,0.5555555,0.162963,1.3333334,0.7111112,5.3333335,6.888889,6.111111,3,4.6666665,2.3333333,-7,7.2222223,0.5928131,-0.8507829,1
1,115,9,0.11111111,0,1.8333331,2.3888893,2.2222226,4.9629602,16.555555,15.666667,21.777779,12.222222,-2.6666667,15.666667,-13,21.88889,0.42553785,-1.5480099,1
176,132,9,0,0,0.5,0.12222223,0.9444444,0.3296295,5.740741,7.4444447,6.2222223,3.5555556,5.111111,1.4444444,-6.5555553,7.5555553,0.5299824,-0.72601837,1
149,64,9,0,0,1.4999996,1.1444446,1.3888887,0.46296337,24.074074,22.666666,31.88889,17.666668,-4.2222223,23.444445,-19.222221,31.88889,0.4463545,-1.7248944,1
196,124,9,0,0,0.22222209,0.029629592,0.8333332,0.38888887,6.2222223,7.5555553,7.4444447,3.6666667,4,3.6666667,-7.6666665,8,0.5421076,-1.0114845,1
84,51,9,0,0,1.7777777,1.6296308,2.6666672,0.88888854,25.74074,22.666666,35.11111,19.444445,-9.222222,28.11111,-18.88889,35.11111,0.44611752,-1.8730317,1
75,67,9,0,0,1.4444447,1.0074071,1.8333334,1.5444458,22.25926,22.555555,27.88889,16.333334,0.8888889,16.88889,-17.777779,27.88889,0.4148357,-1.5247713,1
23,86,9,0,0,0.88888913,0.6518528,1.7222222,1.3074087,18.592592,18.555555,23.555555,13.666667,-0.11111111,14.888889,-14.777778,23.555555,0.41791564,-1.5415015,1
144,118,9,0,0,0.5555556,0.38518524,0.66666657,0.4,6.4444447,7.5555553,8.111112,3.6666667,3.3333333,5,-8.333333,8.444445,0.5643298,-1.1345428,1
217,145,9,0,0,0.5555556,0.16296291,0.72222215,0.06296298,5.296296,6.3333335,6.5555553,3,3.1111112,3.7777777,-6.888889,7,0.56415343,-1.0689679,1
123,104,9,0,0,2.2777777,2.107407,4,2.0000021,21.925926,20.555555,28.666666,16.555555,-4.111111,20.222221,-16.11111,28.666666,0.4213954,-1.7287898,1
98,135,9,0,0,0.6111112,0.15185179,1.0555556,0.37407392,5.703704,7.4444447,6.4444447,3.2222223,5.2222223,2.2222223,-7.4444447,7.4444447,0.5654762,-0.7873758,1
4,87,9,0.11111111,0,2.7777777,3.0962942,2.722222,4.3740745,17.333334,18.222221,21,12.777778,2.6666667,11,-13.666667,21.11111,0.39173108,-1.3183731,1
26,67,9,0.11111111,0,1,0.8888903,2.4444447,3.1851847,20,19.555555,25.88889,14.555555,-1.3333334,17.666666,-16.333334,25.88889,0.4369392,-1.6232022,1
95,57,9,0,0,1.8333327,3.4111106,2.1111107,1.7185175,26.296297,24.666666,34.444447,19.777779,-4.888889,24.444445,-19.555555,34.444447,0.42569095,-1.7390174,1
23,88,9,0,0,2.0000002,3.2,2.9444447,1.040741,20.592592,18.777779,27.333334,15.666667,-5.4444447,20.222221,-14.777778,27.333334,0.42490423,-1.7851468,1
96,92,9,0.11111111,0,3.3333337,2.9777782,1.777778,0.6518514,22.88889,21.777779,29.777779,17.11111,-3.3333333,20.666666,-17.333334,29.777779,0.422223,-1.6826507,1
137,94,9,0.22222222,0,1.666667,0.7999998,3.666667,2.8888905,21.222221,20.666668,27.333334,15.666667,-1.6666666,18.333334,-16.666666,27.333334,0.42781135,-1.627145,1
28,112,9,0,0,0.72222215,0.41851833,0.5555555,0.16296297,5.9259257,7.111111,7.2222223,3.4444444,3.5555556,3.8888888,-7.4444447,7.5555553,0.5440917,-1.0582771,1
16,128,9,0,0,0.5,0.077777766,0.66666675,0.31111118,5.5555553,6.888889,6.6666665,3.1111112,4,3.3333333,-7.3333335,7.111111,0.56150794,-0.98581076,1
75,103,9,0.11111111,0,1.3888893,1.5296303,1.8888887,1.0962957,18.962963,20.222221,22.777779,13.888889,3.7777777,11.444445,-15.222222,22.777779,0.38838536,-1.3341274,1
76,135,9,0,0,0.4444445,0.11851851,0.8333333,0.1222222,5,6.888889,5.4444447,2.6666667,5.6666665,1.3333334,-7,6.888889,0.6137566,-0.6920281,1
121,60,9,0,0,2.277778,2.329629,2.888889,2.8740742,26.74074,24.666666,35.22222,20.333334,-6.2222223,25.444445,-19.222221,35.22222,0.4223002,-1.776113,1
69,75,9,0.11111111,0,2.111111,1.4074076,1.5000004,2.21111,22.74074,22,29.333334,16.88889,-2.2222223,19.777779,-17.555555,29.333334,0.4235012,-1.6418817,1
95,109,9,0,0,1,0.4888888,1.9444443,2.729629,17.25926,19.222221,20,12.555555,5.888889,8.222222,-14.111111,20.444445,0.38499743,-1.1312037,1
38,146,9,0,0,0.4999999,0.12222217,0.6666667,0.26666668,5.111111,5.6666665,6.7777777,2.8888888,1.6666666,5,-6.6666665,6.888889,0.5714286,-1.2583578,1
34,83,9,0,0,1.4444447,0.34074098,2.444445,0.42963055,19.444445,19.555555,24.444445,14.333333,0.33333334,15,-15.333333,24.444445,0.41007325,-1.5070066,1
62,144,9,0,0,0.27777767,0.06296294,0.72222215,0.32962963,4.814815,6,5.7777777,2.6666667,3.5555556,2.8888888,-6.4444447,6.2222223,0.5746032,-0.9691188,1
141,68,9,0,0,1.4444443,1.0074081,2.1666667,0.8777791,27.185184,24.222221,36.88889,20.444445,-8.888889,29.11111,-20.222221,36.88889,0.4456523,-1.8485235,1
114,121,9,0,0,0.44444442,0.118518494,0.6111112,0.10740732,6.4074073,8,7.4444447,3.7777777,4.7777777,3.1111112,-7.888889,8,0.5282187,-0.91432446,1
80,95,9,0,0,1.2222223,1.0074079,0.944444,0.5518514,21.407408,21.333334,26.666666,16.222223,-0.22222222,15.777778,-15.555555,26.666666,0.39043593,-1.5673273,1
147,92,9,0,0,1.111111,0.42963067,1.388889,2.240742,23.444445,22.777779,30,17.555555,-2,19.666666,-17.666666,30,0.4143562,-1.6539259,1
39,111,9,0,0,0.72222227,0.37407416,0.8888889,0.4296295,6.037037,7,7.6666665,3.4444444,2.8888888,4.888889,-7.7777777,7.888889,0.56291884,-1.1757725,1
8,79,9,0,0,1.2777778,2.2851846,2.111111,0.51851857,16.814816,17.333334,21,12.111111,1.5555556,12.555555,-14.111111,21,0.42233688,-1.4531144,1
91,115,9,0.11111111,0,1.7222223,1.4407418,3.888889,2.8296306,19.925926,20.555555,24.11111,15.111111,1.8888888,12.555555,-14.444445,24.11111,0.37532148,-1.4409626,1
112,114,9,0,0,0.7222224,0.06296291,0.6666668,0.0444444,5.259259,6.5555553,6.111111,3.1111112,3.8888888,2.5555556,-6.4444447,6.6666665,0.5343915,-0.9106101,1
2,44,9,0,0,2.1666672,2.3888876,2.3888896,1.5296285,18.74074,17.333334,25.222221,13.666667,-4.2222223,19.444445,-15.222222,25.222221,0.45768142,-1.7537255,1
72,118,9,0,0,0.27777776,0.06296293,0.5555556,0.11851845,5.4814816,6.5555553,6.6666665,3.2222223,3.2222223,3.5555556,-6.7777777,7.111111,0.5458554,-1.053347,1
97,86,9,0.11111111,0,1.5000004,0.8333331,3.555556,2.1629639,23.814816,23.333334,30.222221,17.88889,-1.4444444,19.222221,-17.777779,30.222221,0.40554056,-1.6085904,1
151,143,9,0,0,0.3888887,0.06296294,0.4999999,0.0333333,5.6666665,7.5555553,6.4444447,3,5.6666665,2.3333333,-8,7.5555553,0.60119045,-0.79691786,1
100,124,9,0,0,0.27777767,0.06296294,0.99999994,0.4444444,7.0740743,8.222222,8.777778,4.2222223,3.4444444,5.111111,-8.555555,9,0.5311728,-1.1570816,1
177,129,9,0,0,0.44444433,0.25185192,1.111111,0.29629606,6.4074073,8,7.4444447,3.7777777,4.7777777,3.1111112,-7.888889,8.222222,0.5418871,-0.9127656,1
9,92,9,0,0,1.3888887,2.4185164,2.4999998,0.87777764,19.074074,18.777779,24.11111,14.333333,-0.8888889,15.111111,-14.222222,24.11111,0.40102458,-1.5705879,1
41,61,9,0,0,2.0555553,1.5740743,1.5555553,1.940741,21.74074,20.333334,28.777779,16.11111,-4.2222223,21.11111,-16.88889,28.777779,0.43704242,-1.7372931,1
85,70,9,0,0,1.2777777,0.7296302,1.8333334,1.1444422,23.666666,23,30.11111,17.88889,-2,19.333334,-17.333334,30.11111,0.40601462,-1.6496034,1
59,111,9,0,0,0.27777767,0.15185185,0.4999999,0.12222217,5.4444447,6.4444447,7,2.8888888,3,4.6666665,-7.6666665,7.2222223,0.60119045,-1.1813879,1
65,54,9,0,0,1.777778,1.6740733,2.722222,4.3296285,24.592592,22.777779,32.555557,18.444445,-5.4444447,23.88889,-18.444445,32.555557,0.4321665,-1.7607523,1
76,64,9,0,0,2.2222223,5.4962974,2.8888884,4.3407397,23.62963,21.777779,31.222221,17.88889,-5.5555553,22.777779,-17.222221,31.222221,0.42481935,-1.7567121,1
139,86,9,0.11111111,0,1.4444447,1.2740743,1.222222,1.3185184,26.481482,24.222221,35,20.222221,-6.7777777,25.555555,-18.777779,35,0.4214949,-1.8048292,1
121,60,9,0,0,2.277778,2.329629,2.888889,2.8740742,26.74074,24.666666,35.22222,20.333334,-6.2222223,25.444445,-19.222221,35.22222,0.4223002,-1.776113,1
96,115,9,0,0,0.38888893,0.15185183,0.33333334,0.17777777,6.7777777,7.7777777,8.555555,4,3,5.3333335,-8.333333,8.666667,0.53858024,-1.2103575,1
120,136,9,0,0,0.61111116,0.4185187,1.0000001,0.4444444,6.259259,7.7777777,7.2222223,3.7777777,4.5555553,2.8888888,-7.4444447,8,0.52954143,-0.92460656,1
193,142,9,0.11111111,0,0.38888887,0.06296293,1.7222223,0.15185216,4.814815,6.7777777,5.2222223,2.4444444,5.888889,1.2222222,-7.111111,6.7777777,0.646164,-0.675123,1
78,108,9,0,0,0.8333335,0.43333328,1.6111107,1.1740738,17.11111,19,19.88889,12.444445,5.6666665,8.333333,-14,20,0.37883934,-1.1695169,1
35,132,9,0,0,0.49999985,0.07777789,0.22222216,0.16296294,5.3703704,7.111111,6.111111,2.8888888,5.2222223,2.2222223,-7.4444447,7.111111,0.59325397,-0.8083832,1
42,63,9,0.11111111,0,1.5000004,1.0999995,1.9444441,2.462962,22.37037,20.333334,29.666666,17.11111,-6.111111,21.88889,-15.777778,29.666666,0.42265132,-1.8138857,1
217,145,9,0,0,0.5555556,0.16296291,0.72222215,0.06296298,5.296296,6.3333335,6.5555553,3,3.1111112,3.7777777,-6.888889,7,0.56415343,-1.0689679,1
24,65,9,0,0,1.2222227,1.7629641,2.333334,2.3555567,20.814816,20.11111,26.777779,15.555555,-2.1111112,17.88889,-15.777778,26.777779,0.41941756,-1.6658529,1
90,111,9,0,0,1.6666666,1.4666656,1.333333,1.0222224,18.62963,19.777779,22.222221,13.888889,3.4444444,10.777778,-14.222222,22.222221,0.37431172,-1.3337922,1
146,140,9,0,0,1.0555557,0.4629631,1.0000001,0.57777774,6.3333335,7.888889,7.3333335,3.7777777,4.6666665,3,-7.6666665,8.222222,0.537017,-0.9092674,1
86,74,9,0.11111111,0,1.3333336,1.5555557,0.6666673,0.13333334,22.407408,21.666666,28.88889,16.666668,-2.2222223,19.444445,-17.222221,28.88889,0.42220616,-1.6466708,1
186,130,9,0,0,0.5000002,0.12222223,0.38888893,0.15185189,5.3333335,6.888889,6.2222223,2.8888888,4.6666665,2.6666667,-7.3333335,7,0.587963,-0.8890237,1
145,90,9,0,0,1,0.5777784,2,0.399999,24.851852,23.666666,32.22222,18.666668,-3.5555556,22.11111,-18.555555,32.22222,0.4205985,-1.7059416,1
19,55,9,0,0,1.444445,2.8296297,1.277778,0.862964,21.037037,20.555555,26.666666,15.888889,-1.4444444,16.88889,-15.444445,26.666666,0.40479085,-1.634416,1
80,124,9,0,0,0.5555556,0.16296288,0.44444442,0.029629659,5.111111,6.6666665,6,2.6666667,4.6666665,2.6666667,-7.3333335,6.7777777,0.6084656,-0.877707,1
24,83,9,0,0,2.7777774,4.918518,3.6111107,2.3740723,18.74074,19.11111,23.222221,13.888889,1.1111112,13.444445,-14.555555,23.333334,0.39992693,-1.4568193,1
196,129,9,0,0,0.83333325,0.43333334,0.6666667,0.17777774,6.3333335,7.888889,7.3333335,3.7777777,4.6666665,3,-7.6666665,8.222222,0.54012346,-0.9327826,1
68,117,9,0,0,0.44444433,0.20740744,1.611111,2.1518512,19.88889,20.666668,24.11111,14.888889,2.3333333,12.666667,-15,24.11111,0.38127685,-1.4200875,1
141,89,9,0,0,1.277778,1.4851854,1.6666666,3.6888885,23.88889,23.11111,30.444445,18.11111,-2.3333333,19.666666,-17.333334,30.444445,0.40502182,-1.6640084,1
83,114,9,0,0,1.388889,1.129629,1.9444443,0.59629667,19.851852,20,24.666666,14.888889,0.44444445,14.444445,-14.888889,24.666666,0.39496386,-1.5086578,1
178,128,9,0,0,0.44444433,0.34074068,0.88888866,0.2074075,5.9259257,7.888889,6.4444447,3.4444444,5.888889,1.5555556,-7.4444447,7.888889,0.56371254,-0.7213002,1
222,114,9,0,0,0.27777776,0.06296293,0.44444433,0.074074075,5.4444447,6.111111,7.3333335,2.8888888,2,5.6666665,-7.6666665,7.3333335,0.6031746,-1.3145328,1
17,64,9,0,0,1.4444443,1.3629619,1.6666664,1.4222221,18.88889,17.555555,25.11111,14,-4,18.666666,-14.666667,25.11111,0.44109204,-1.7555053,1
58,122,9,0,0,0.27777782,0.10740742,0.55555564,0.11851851,5.6296296,7,6.6666665,3.2222223,4.111111,3.1111112,-7.2222223,7.2222223,0.5515873,-0.9647966,1
37,126,9,0,0,0.38888898,0.06296298,0.4444445,0.25185186,5.7777777,7.4444447,6.7777777,3.1111112,5,3,-8,7.4444447,0.5813492,-0.89580745,1
148,116,9,0,0,0.4999999,0.4777777,1.1666669,0.6111109,6.111111,7.111111,7.6666665,3.5555556,3,4.6666665,-7.6666665,7.7777777,0.54473305,-1.1632453,1
32,113,9,0,0,0.50000006,0.07777767,0.27777782,0.15185188,6.148148,7.2222223,7.7777777,3.4444444,3.2222223,4.888889,-8.111111,7.888889,0.56349206,-1.175454,1
147,111,9,0,0,0.38888893,0.1518518,0.4444445,0.118518546,5.6666665,7,7,3,4,4,-8,7.3333335,0.59126985,-1.0414338,1
31,62,9,0,0,1.8333336,0.83333385,1.8333334,0.9666677,21.185184,20.555555,27.222221,15.777778,-1.8888888,18.11111,-16.222221,27.222221,0.4194691,-1.6501234,1
70,71,9,0.11111111,0,2.1111119,1.8074061,2.8333333,2.077779,22.777779,21.88889,29.666666,16.777779,-2.6666667,20.666666,-18,29.666666,0.43356952,-1.6679595,1
105,139,9,0,0,0.27777782,0.107407436,0.83333325,0.52222216,6.111111,7.5555553,7.2222223,3.5555556,4.3333335,3.3333333,-7.6666665,7.5555553,0.5326279,-0.96594584,1
34,137,9,0,0,0.5000002,0.16666673,1.111111,0.47407418,5.851852,7.7777777,6.4444447,3.3333333,5.7777777,1.7777778,-7.5555553,7.7777777,0.57363313,-0.74427164,1
69,74,9,0.22222222,0,3.8888886,9.940739,2.166667,2.4777777,23.592592,22.555555,30.555555,17.666668,-3.1111112,20.88889,-17.777779,30.555555,0.4202516,-1.6665796,1
177,131,9,0,0,0.44444442,0.4296296,0.77777785,0.20740739,5.962963,7.5555553,6.6666665,3.6666667,4.7777777,2.1111112,-6.888889,7.5555553,0.515873,-0.8048458,1
228,143,9,0,0,0.50000006,0.3444443,0.6666668,0.31111094,5.296296,6.6666665,6.2222223,3,4.111111,2.7777777,-6.888889,6.7777777,0.5564374,-0.9148125,1
146,124,9,0,0,0.4999999,0.16666664,0.38888875,0.107407376,6.037037,7.4444447,7.3333335,3.3333333,4.2222223,3.8888888,-8.111111,7.6666665,0.56349206,-1.0247301,1
89,107,9,0.11111111,0,1.4444445,1.940741,1.8888894,2.740741,18.88889,19.88889,22.88889,13.888889,3,12,-15,23,0.39465594,-1.3578709,1
34,128,9,0,0,0.44444442,0.118518494,0.66666657,0.48888892,5.6666665,7.4444447,6.5555553,3,5.3333335,2.6666667,-8,7.4444447,0.5974427,-0.83759844,1
137,66,9,0,0,2.611111,3.040741,2.9444444,3.8851848,28.407408,25.333334,38.22222,21.666666,-9.222222,29.444445,-20.222221,38.22222,0.4305578,-1.8449929,1
183,111,9,0,0,0.6666667,0.31111106,1.0555555,0.50740737,5.703704,6.888889,7,3.2222223,3.5555556,3.8888888,-7.4444447,7.3333335,0.56613755,-1.0650656,1
97,75,9,0,0.11111111,2.0000002,1.9111089,3.7777777,8.296293,24.851852,24,31.666666,18.88889,-2.5555556,20.444445,-17.88889,31.666666,0.40211964,-1.6527679,1
146,140,9,0,0,1.0555557,0.4629631,1.0000001,0.57777774,6.3333335,7.888889,7.3333335,3.7777777,4.6666665,3,-7.6666665,8.222222,0.537017,-0.9092674,1
134,104,9,0,0,2.388889,1.8407409,2.6666663,3.5555563,21.777779,20.88889,28.333334,16.11111,-2.6666667,19.666666,-17,28.333334,0.43039906,-1.6697525,1
98,104,9,0,0,2.2222223,3.6296306,1.4999999,1.3222224,18.703703,19.222221,23.222221,13.666667,1.5555556,13.555555,-15.111111,23.222221,0.4100093,-1.4466414,1
23,55,9,0,0,2.2222216,3.6740727,1.7777773,0.7851852,23.444445,21.666666,31.11111,17.555555,-5.3333335,23,-17.666666,31.11111,0.43507022,-1.7711632,1
121,123,9,0,0,1.5555553,2.4740744,0.8888888,1.0962967,6.962963,7.888889,8.444445,4.5555553,2.7777777,4.4444447,-7.2222223,8.444445,0.475,-1.1806802,1
13,142,9,0,0,0.38888884,0.06296298,1.2777777,0.15185152,4.5925927,6.2222223,5.2222223,2.3333335,4.888889,1.8888888,-6.7777777,6.3333335,0.6301587,-0.7763336,1
88,71,9,0.11111111,0.11111111,1.4444447,0.785185,4.5,5.677779,22.333334,21.777779,28.555555,16.666668,-1.6666666,18.666666,-17,28.555555,0.41629943,-1.6368634,1
73,103,9,0,0,1.2777773,0.32962978,1.1111107,1.5407397,18.333334,19.222221,22.555555,13.222222,2.6666667,12.666667,-15.333333,22.555555,0.41030627,-1.3974138,1
85,56,9,0,0,1.3333334,0.40000024,1.2777773,1.8407404,26.444445,23.333334,36,20,-9.333333,28.666666,-19.333334,36,0.4427882,-1.8631825,1
156,123,9,0,0,0.38888884,0.15185185,0.38888893,0.062963024,6.111111,8,6.7777777,3.5555556,5.6666665,2,-7.6666665,8,0.555776,-0.7616482,1
105,139,9,0,0,0.27777782,0.107407436,0.83333325,0.52222216,6.111111,7.5555553,7.2222223,3.5555556,4.3333335,3.3333333,-7.6666665,7.5555553,0.5326279,-0.96594584,1
27,68,9,0,0,1.388889,1.4851855,1.7777777,5.0962973,21.592592,20.444445,28.444445,15.888889,-3.4444444,20.555555,-17.11111,28.444445,0.440354,-1.7003236,1
120,136,9,0,0,0.61111116,0.4185187,1.0000001,0.4444444,6.259259,7.7777777,7.2222223,3.7777777,4.5555553,2.8888888,-7.4444447,8,0.52954143,-0.92460656,1
8,102,9,0,0,1.888889,1.8518513,1.9444443,3.2629614,17.925926,18.555555,21.88889,13.333333,1.8888888,11.888889,-13.777778,21.88889,0.39032918,-1.4470371,1
18,138,9,0,0,0.88888884,0.5629629,0.83333325,0.29999986,5.740741,7.3333335,6.5555553,3.3333333,4.7777777,2.4444444,-7.2222223,7.3333335,0.5438712,-0.8621077,1
57,117,9,0,0,0.4444445,0.20740739,0.38888893,0.06296291,6.3333335,7.6666665,7.4444447,3.8888888,4,3.3333333,-7.3333335,8,0.51036155,-0.98394656,1
150,113,9,0,0,0.5,0.25555554,0.77777773,0.20740744,5.5925927,7.111111,6.6666665,3,4.5555553,3.2222223,-7.7777777,7.111111,0.5793651,-0.942558,1
23,55,9,0,0,2.2222216,3.6740727,1.7777773,0.7851852,23.444445,21.666666,31.11111,17.555555,-5.3333335,23,-17.666666,31.11111,0.43507022,-1.7711632,1
96,84,9,0,0,1.5000004,1.2777773,1.6111107,2.2851882,23.851852,23.555555,30,18,-0.8888889,18.444445,-17.555555,30,0.39879107,-1.598867,1
104,124,9,0,0,0.6111111,0.15185174,0.6666665,0.31111106,6.185185,7.6666665,7.3333335,3.5555556,4.4444447,3.4444444,-7.888889,7.888889,0.5500441,-0.9578401,1
161,136,9,0,0,0.6111111,0.19629627,0.44444442,0.074074,5.6296296,7.111111,6.4444447,3.3333333,4.4444447,2.4444444,-6.888889,7.2222223,0.53571427,-0.8965326,1
104,136,9,0,0,0.50000006,0.12222223,0.66666657,0.08888887,6.814815,8.333334,8,4.111111,4.5555553,3.5555556,-8.111111,8.666667,0.52623457,-0.96393055,1
26,93,9,0,0,2.4999993,0.21111093,2.1111114,9.1407385,20.37037,18.88889,26.777779,15.444445,-4.4444447,19.222221,-14.777778,26.777779,0.4192332,-1.7303063,1
133,96,9,0.11111111,0,1.0000004,1.0222217,2.777778,3.3629608,21.88889,22.11111,27.333334,16.222223,0.6666667,16.333334,-17,27.333334,0.40645057,-1.5306859,1
176,118,9,0,0,0.38888893,0.15185189,0.7222221,0.19629624,6.0740743,7.6666665,7,3.5555556,4.7777777,2.7777777,-7.5555553,7.6666665,0.5376984,-0.8782905,1
125,56,9,0,0,2.666666,3.6444438,2.7222216,1.5740722,28.62963,26.11111,37.666668,22.11111,-7.5555553,27.11111,-19.555555,37.666668,0.41393992,-1.8199148,1
30,56,9,0,0,1.5555553,0.4296295,1.4999996,1.2777773,23.703703,22.11111,31.333334,17.666668,-4.7777777,22.88889,-18.11111,31.333334,0.43595982,-1.7488347,1
101,130,9,0,0,0.611111,0.2407408,0.66666657,0.57777774,5.7777777,7.4444447,6.6666665,3.2222223,5,2.6666667,-7.6666665,7.5555553,0.57539684,-0.87149525,1
13,149,9,0,0,0.8888889,0.7851851,0.99999994,1.2444444,5.5185184,4.111111,8.777778,3.6666667,-4.2222223,9.777778,-5.5555553,8.777778,0.5881634,-2.0091076,1
178,122,9,0,0,0.5555555,0.11851845,0.7777776,0.11851851,5.851852,7.3333335,6.888889,3.3333333,4.4444447,3.1111112,-7.5555553,7.4444447,0.54960316,-0.94255877,1
140,125,9,0,0,0.2777779,0.06296301,0.66666675,0.31111118,6.185185,7.3333335,7.6666665,3.5555556,3.4444444,4.4444447,-7.888889,7.7777777,0.5456349,-1.1218182,1
75,75,9,0,0,2.8333337,4.6111126,2.2222223,3.718518,25.962963,23.333334,34.77778,19.777779,-7.888889,26.444445,-18.555555,34.77778,0.4296633,-1.8355997,1
42,59,9,0,0,1.833333,3.5000002,2.0555553,0.86296284,21.814816,20.777779,28.777779,15.888889,-3.1111112,20.88889,-17.777779,28.777779,0.44514215,-1.680812,1
16,128,9,0,0,0.5,0.077777766,0.66666675,0.31111118,5.5555553,6.888889,6.6666665,3.1111112,4,3.3333333,-7.3333335,7.111111,0.56150794,-0.98581076,1
4,40,9,0,0,1.3333338,2.711112,1.1111115,2.1185184,17.185184,15.666667,23.333334,12.555555,-4.5555553,18.444445,-13.888889,23.333334,0.4630599,-1.7836024,1
78,107,9,0,0,0.8333332,0.65555614,1.6111108,1.92963,17.185184,18.333334,20.666668,12.555555,3.4444444,10.444445,-13.888889,20.777779,0.3952535,-1.3124995,1
60,131,9,0,0,0.33333334,0.088888854,0.33333325,0.08888887,5.2222223,7.2222223,5.4444447,3,6,0.6666667,-6.6666665,7.2222223,0.5813492,-0.62122244,1
6,90,9,0,0,1.9444447,0.5962962,1.3333336,1.8222237,18.11111,18.777779,22.11111,13.444445,2,12,-14,22.11111,0.38846022,-1.4258847,1
29,125,9,0,0,0.38888875,0.06296301,0.6666667,0.1777776,5.851852,7.2222223,6.888889,3.4444444,4.111111,3.1111112,-7.2222223,7.3333335,0.5297619,-0.9442725,1
24,58,9,0,0,0.8888893,0.1629633,1.3888887,2.285186,20.925926,20,27.333334,15.444445,-2.7777777,19.222221,-16.444445,27.333334,0.4347433,-1.6850739,1
25,116,9,0,0,0.94444484,0.1518519,4.777777,3.0962973,16.185184,17,20,11.555555,2.4444444,11.444445,-13.888889,21.222221,0.44718736,-1.1628438,1
40,85,9,0.11111111,0,1.111111,0.5185188,2.5000007,0.6555552,21.11111,20.777779,27.11111,15.444445,-1,18,-17,27.11111,0.42873532,-1.6039575,1
67,61,9,0,0,1.0555557,0.50740737,0.8333333,0.38888904,23.74074,22.666666,30.666666,17.88889,-3.2222223,20.777779,-17.555555,30.666666,0.41575083,-1.7009131,1
127,121,9,0,0,1.6666664,0.8000008,2.0000002,2.4444427,23.11111,21.666666,30.11111,17.555555,-4.3333335,21,-16.666666,30.11111,0.4155243,-1.7407364,1
14,66,9,0,0,1.5555553,1.0074071,1.5,1.0111104,18.666666,18.555555,24,13.444445,-0.33333334,16,-15.666667,24,0.43785483,-1.5692534,1
39,60,9,0.11111111,0,1.5555559,1.1407412,2.444445,1.94074,22.62963,21.333334,30,16.555555,-3.8888888,22.11111,-18.222221,30,0.44663557,-1.7093887,1
120,108,9,0.11111111,0,0.611111,0.6407408,0.944444,0.1518519,21.925926,21,28.222221,16.555555,-2.7777777,18.88889,-16.11111,28.222221,0.41213372,-1.6835289,1
89,89,9,0,0,1.722222,2.9074073,2.9444447,4.862958,21.88889,21.333334,27.777779,16.555555,-1.6666666,17.666666,-16,27.777779,0.4004446,-1.6113652,1
69,92,9,0.11111111,0,1.888889,4.518517,1.9999999,1.0222219,19.37037,20.222221,23.333334,14.555555,2.5555556,11.888889,-14.444445,23.333334,0.37657413,-1.4082419,1
35,42,9,0.11111111,0,1.0555559,0.1518514,1.388889,0.5074066,22.592592,20,31.11111,16.666668,-7.7777777,25.555555,-17.777779,31.11111,0.46275216,-1.8424939,1
138,133,9,0,0,0.6666667,0.44444433,1.1666666,0.21111093,6.4444447,7.7777777,7.888889,3.6666667,4,4.3333335,-8.333333,8.222222,0.5582011,-1.0776595,1
13,73,9,0,0,1.3888887,0.72962976,2.611111,3.1296275,19.074074,19.222221,24.11111,13.888889,0.44444445,15.111111,-15.555555,24.11111,0.42150384,-1.5242527,1
228,114,9,0,0,0.38888875,0.06296294,0.83333325,0.12222214,5.888889,7,7.4444447,3.2222223,3.3333333,4.6666665,-8,7.4444447,0.5674603,-1.1518371,1
38,106,9,0,0,2.2222223,2.5185175,2.1111114,3.1407404,20,20,25.11111,14.888889,0,15.333333,-15.333333,25.11111,0.40815476,-1.5576197,1
108,111,9,0,0,0.5555555,0.16296291,2.5555553,0.38518727,3.8148148,4.111111,5.5555553,1.7777778,0.8888889,5.2222223,-6.111111,5.5555553,0.7156085,-1.4372399,1
33,149,9,0,0,0.5555556,0.25185165,0.72222227,0.15185171,5.4444447,4.111111,8.666667,3.5555556,-4,9.666667,-5.6666665,8.666667,0.5783389,-1.9857028,1
18,145,9,0,0,0.38888896,0.018518496,0.6111111,0.3740741,3.925926,5.5555553,4,2.2222223,4.888889,0.22222222,-5.111111,5.5555553,0.6005291,-0.57094,1
79,95,9,0,0,1.6666666,3.7333338,2.4999993,7.188887,21.11111,21.11111,26.222221,16,0,15.333333,-15.333333,26.222221,0.38836312,-1.555549,1
239,143,9,0,0,0.33333328,0.04444445,0.6666667,0.1333334,4.5185184,6.111111,5.4444447,2,4.7777777,2.7777777,-7.5555553,6.111111,0.67407405,-0.8782905,1
76,81,9,0.11111111,0,1.888889,1.6740727,1.3333334,2.3999984,22.703703,22.333334,28.777779,17,-1.1111112,18.222221,-17.11111,28.777779,0.40920117,-1.6067939,1
12,56,9,0.22222222,0,1.2222223,0.20740713,1.3333336,1.0222219,19.851852,19.444445,25.444445,14.666667,-1.2222222,16.777779,-15.555555,25.444445,0.42268896,-1.6222115,1
62,123,9,0,0,0.44444442,0.2074074,0.5,0.12222223,5.814815,7.5555553,6.6666665,3.2222223,5.2222223,2.5555556,-7.7777777,7.5555553,0.5734127,-0.83759767,1
7,34,9,0,0,2,3.6888885,1.5,2.0333328,20.333334,18.222221,27.88889,14.888889,-6.3333335,22.666666,-16.333334,27.88889,0.4663447,-1.8231477,1
75,59,9,0,0,1.0555553,0.7740732,2.944445,2.5518503,25.074074,22.333334,34.333336,18.555555,-8.222222,27.777779,-19.555555,34.333336,0.45942742,-1.8363283,1
18,138,9,0,0,0.88888884,0.5629629,0.83333325,0.29999986,5.740741,7.3333335,6.5555553,3.3333333,4.7777777,2.4444444,-7.2222223,7.3333335,0.5438712,-0.8621077,1
227,118,9,0,0,0.055555504,0.018518483,1.0555557,0.10740725,5.6296296,7,6.6666665,3.2222223,4.111111,3.1111112,-7.2222223,7.111111,0.5456349,-0.96082735,1
104,122,9,0,0,0.4444445,0.02962958,0.4999999,0.1666666,6.4074073,8.111112,7.2222223,3.8888888,5.111111,2.4444444,-7.5555553,8.111112,0.52006173,-0.8321195,1
77,78,9,0,0,2.222223,2.3407404,2,5.8666697,24.592592,24,31.222221,18.555555,-1.7777778,19.88889,-18.11111,31.222221,0.40196496,-1.610448,1
95,100,9,0.11111111,0,0.7222223,0.1074075,1.2222217,1.140741,21.074074,21.666666,26,15.555555,1.7777778,14.777778,-16.555555,26,0.4010419,-1.4770186,1
182,134,9,0,0,0.6111112,0.24074072,0.72222215,0.06296298,5.888889,7.6666665,6.6666665,3.3333333,5.3333335,2.3333333,-7.6666665,7.888889,0.57760143,-0.8060425,1
27,50,9,0,0,1.0555557,0.46296322,1.0000004,0.48888907,23.037037,21.666666,30,17.444445,-4.111111,20.88889,-16.777779,30,0.41874644,-1.7412539,1
151,147,9,0,0,0.44444457,0.4296298,0.72222215,0.10740744,6.037037,5.6666665,9.222222,3.2222223,-1.1111112,9.555555,-8.444445,9.555555,0.6522477,-1.5083702,1
199,140,9,0,0,0.44444442,0.25185186,0.50000006,0.388889,6,7.4444447,6.888889,3.6666667,4.3333335,2.6666667,-7,7.5555553,0.5138889,-0.91962,1
219,134,9,0,0,0.27777788,0.10740747,0.6666667,0.4444444,4.740741,6.4444447,5.2222223,2.5555556,5.111111,1.4444444,-6.5555553,6.4444447,0.6037037,-0.7304648,1
79,57,9,0,0,1.7222223,1.6185173,1.9444447,1.9740733,26.814816,24,36.22222,20.222221,-8.444445,28.222221,-19.777779,36.22222,0.44050935,-1.8376745,1
149,117,9,0.22222222,0,0.833333,0.2555556,0.9999997,0.44444454,21.222221,21.11111,26.333334,16.222223,-0.33333334,15.333333,-15,26.333334,0.38262922,-1.5744768,1
6,51,9,0,0,1.6666666,1.9999989,1.611111,2.1074073,19.592592,18.777779,25.666666,14.333333,-2.4444444,18.222221,-15.777778,25.666666,0.44286063,-1.6812904,1
239,122,9,0,0,0.27777776,0.06296293,0.33333334,0.17777774,5.5555553,7,6.6666665,3,4.3333335,3.3333333,-7.6666665,7.2222223,0.5813492,-0.95343477,1
88,89,9,0,0,0.7777774,0.38518468,3.6666667,4.0444417,22.333334,21.666666,28.444445,16.88889,-2,18.333334,-16.333334,28.444445,0.40368655,-1.6255869,1
23,85,9,0,0,1.4444445,1.0518525,1.777778,0.96296287,17.962963,18.88889,21.88889,13.111111,2.7777777,11.777778,-14.555555,21.88889,0.39975148,-1.386867,1
108,123,9,0,0,0.6111112,0.24074072,0.66666675,0.26666668,6.740741,8.222222,8,4,4.4444447,3.7777777,-8.222222,8.444445,0.5244709,-0.9857293,1
80,116,9,0,0,1.5,1.6333328,1.5555557,0.87407404,21.703703,21.222221,27.555555,16.333334,-1.4444444,17.555555,-16.11111,27.555555,0.40736422,-1.6322426,1
238,118,9,0,0,0.33333325,0.17777774,0.77777773,0.07407411,5,6.2222223,6.2222223,2.5555556,3.6666667,3.6666667,-7.3333335,6.6666665,0.61706346,-1.0471976,1
23,85,9,0,0,1.4444445,1.0518525,1.777778,0.96296287,17.962963,18.88889,21.88889,13.111111,2.7777777,11.777778,-14.555555,21.88889,0.39975148,-1.386867,1
71,90,9,0,0,2.777778,2.0740724,5.111111,3.2740743,22.62963,22,29.11111,16.777779,-1.8888888,19.444445,-17.555555,29.11111,0.4204864,-1.6223308,1
2,63,9,0,0,1.2222219,0.5629627,1.4999999,0.7000005,18.074074,17.222223,23.666666,13.333333,-2.5555556,16.777779,-14.222222,23.666666,0.43502074,-1.6838473,1
88,88,9,0,0,0.833333,0.4777776,2.888889,2.3851826,22.148148,21.333334,28.444445,16.666668,-2.4444444,18.88889,-16.444445,28.444445,0.41330814,-1.6537874,1
55,128,9,0,0,0.3333334,0.044444483,0.38888893,0.1518518,5.037037,6.888889,5.4444447,2.7777777,5.5555553,1.2222222,-6.7777777,6.888889,0.59391534,-0.6886007,1
138,116,9,0,0,0.6111111,0.15185188,0.4444445,0.20740739,6.4814816,7.5555553,8.222222,3.6666667,3.2222223,5.2222223,-8.444445,8.333334,0.5591711,-1.1910701,1
189,115,9,0,0,0.16666675,0.033333365,0.33333325,0.13333328,6.6666665,8.222222,7.888889,3.8888888,4.6666665,3.6666667,-8.333333,8.444445,0.53858024,-0.96514446,1
31,106,9,0,0,1.6111107,0.7296303,0.7222223,1.1740737,19.11111,19.555555,23.666666,14.111111,1.3333334,13.666667,-15,23.666666,0.40322387,-1.4845796,1
34,115,9,0,0,0.5,0.3888888,0.7777779,0.60740745,6.296296,7.3333335,7.888889,3.6666667,3.1111112,4.7777777,-7.888889,8,0.5418871,-1.175454,1
149,92,9,0,0,1.2222223,0.5629636,2.3333333,3.822222,23.666666,23.11111,30.333334,17.555555,-1.6666666,20,-18.333334,30.333334,0.4209725,-1.6377774,1
99,107,9,0.11111111,0,1.5555557,2.0296292,3.3333333,2.2666647,18.62963,19.444445,23,13.444445,2.4444444,13.111111,-15.555555,23.11111,0.41378537,-1.3703691,1
138,116,9,0,0,0.6111111,0.15185188,0.4444445,0.20740739,6.4814816,7.5555553,8.222222,3.6666667,3.2222223,5.2222223,-8.444445,8.333334,0.5591711,-1.1910701,1
23,142,9,0,0,0.38888893,0.1074074,0.9444444,0.37407392,5.037037,6.5555553,5.7777777,2.7777777,4.5555553,2.2222223,-6.7777777,6.5555553,0.57473546,-0.8297117,1
88,115,9,0,0,1.666667,1.8222212,4.166667,4.2111125,22.037037,21.333334,28,16.777779,-2.1111112,17.88889,-15.777778,28,0.3973624,-1.6195486,1
18,145,9,0,0,0.38888896,0.018518496,0.6111111,0.3740741,3.925926,5.5555553,4,2.2222223,4.888889,0.22222222,-5.111111,5.5555553,0.6005291,-0.57094,1
107,129,9,0,0,0.55555564,0.56296325,0.8888889,0.8740743,6.6666665,8.444445,7.5555553,4,5.3333335,2.6666667,-8,8.444445,0.53055555,-0.8439043,1
146,124,9,0,0,0.4999999,0.16666664,0.38888875,0.107407376,6.037037,7.4444447,7.3333335,3.3333333,4.2222223,3.8888888,-8.111111,7.6666665,0.56349206,-1.0247301,1
121,113,9,0,0,1.722222,1.5296303,2.944444,1.5296295,20.25926,20,25.444445,15.333333,-0.7777778,15.555555,-14.777778,25.444445,0.39658895,-1.5856091,1
70,60,9,0,0,0.94444466,1.3962969,2.166666,1.3666676,23.777779,22.444445,31,17.88889,-4,21.666666,-17.666666,31,0.420823,-1.7131336,1
159,111,9,0,0,0.4444445,0.074074045,0.61111116,0.1518519,5.9259257,7.6666665,6.888889,3.2222223,5.2222223,2.8888888,-8.111111,7.6666665,0.5813492,-0.87266606,1
96,80,9,0.11111111,0,1.5555557,4.162963,2.5000002,1.9,26,24,34.444447,19.555555,-6,25.333334,-19.333334,34.444447,0.4324709,-1.7735944,1
240,145,9,0,0,0.38888896,0.15185192,0.50000006,0.12222223,4.0740743,5.3333335,5,1.8888888,3.7777777,2.7777777,-6.5555553,5.4444447,0.65555555,-0.9594855,1
65,75,9,0,0,0.611111,0.32963,0.72222203,0.19629599,21.333334,21.11111,27.11111,15.777778,-0.6666667,17.333334,-16.666666,27.11111,0.41704598,-1.5901641,1
14,110,9,0,0,1.7222224,5.3518505,2.6666667,1.0222229,17.925926,18.88889,21.444445,13.444445,2.8888888,10.555555,-13.444445,21.444445,0.36884832,-1.3450956,1
96,84,9,0,0,1.5000004,1.2777773,1.6111107,2.2851882,23.851852,23.555555,30,18,-0.8888889,18.444445,-17.555555,30,0.39879107,-1.598867,1
216,126,9,0,0,0.5555555,0.20740744,0.5555556,0.07407395,4.9259257,6.4444447,5.7777777,2.5555556,4.5555553,2.5555556,-7.111111,6.5555553,0.6111111,-0.877707,1
35,96,9,0.11111111,0,2.1111114,1.0074071,2.833333,3.855554,21.74074,20.777779,27.777779,16.666668,-2.8888888,18.11111,-15.222222,27.777779,0.39949927,-1.6769211,1
155,140,9,0,0,0.44444442,0.11851859,0.66666675,0.08888887,5,6.5555553,5.5555553,2.8888888,4.6666665,1.6666666,-6.3333335,6.6666665,0.56415343,-0.7836471,1
14,117,9,0,0,0.33333325,0.13333334,0.5555556,0.07407414,5.7777777,6.3333335,7.5555553,3.4444444,1.6666666,5.3333335,-7,7.5555553,0.5436508,-1.353896,1
136,77,9,0.22222222,0,1.888889,1.4962952,3.0555556,5.618516,26.407408,24.555555,34.444447,20.222221,-5.5555553,24.11111,-18.555555,34.444447,0.4132174,-1.7688724,1
22,116,9,0,0,0.38888875,0.10740741,0.33333325,0.13333334,5.6296296,6.7777777,7,3.1111112,3.4444444,4.111111,-7.5555553,7.3333335,0.57539684,-1.0996237,1
237,135,9,0,0,0.5555556,0.20740725,0.66666675,0.35555547,4.148148,5.6666665,4.7777777,2,4.5555553,1.8888888,-6.4444447,5.6666665,0.6472222,-0.8078477,1
22,116,9,0,0,0.38888875,0.10740741,0.33333325,0.13333334,5.6296296,6.7777777,7,3.1111112,3.4444444,4.111111,-7.5555553,7.3333335,0.57539684,-1.0996237,1
14,60,9,0,0,0.55555505,0.78518444,1.0555553,0.06296298,19.333334,18.88889,24.777779,14.333333,-1.3333334,16.333334,-15,24.777779,0.41924807,-1.6233917,1
21,53,9,0,0,0.888889,0.5185181,1.1666666,0.43333283,21.555555,20.88889,27.444445,16.333334,-2,17.666666,-15.666667,27.444445,0.40413755,-1.6621771,1
39,111,9,0,0,0.72222227,0.37407416,0.8888889,0.4296295,6.037037,7,7.6666665,3.4444444,2.8888888,4.888889,-7.7777777,7.888889,0.56291884,-1.1757725,1
154,128,9,0,0,0.5,0.30000007,0.33333325,0.044444434,5.962963,7.3333335,7.2222223,3.3333333,4.111111,3.7777777,-7.888889,7.6666665,0.56371254,-1.0050536,1
145,102,9,0,0,0.88888866,0.6074083,2.611111,1.4851857,23.074074,22.11111,29.777779,17.333334,-2.8888888,20.11111,-17.222221,29.777779,0.41776258,-1.6854404,1
19,63,9,0,0,1.2777777,1.5740732,2.1111114,3.096295,20.925926,19.666668,27.777779,15.333333,-3.7777777,20.555555,-16.777779,27.777779,0.44724983,-1.7268302,1
19,147,9,0,0,0.22222225,0.0740741,0.4999999,0.077777766,4.148148,3.8888888,6.6666665,1.8888888,-0.7777778,7.5555553,-6.7777777,7,0.7132275,-1.4756428,1
152,83,9,0,0,4.444444,1.3277657,0.94444436,0.6804135,26.518518,23.333334,33.22222,23,-9.555555,20.11111,-10.555555,33.22222,0.30741498,-2.0632424,0
14,120,9,0,0,0.3333333,0.13333331,0.44444442,0.29629624,1.5925926,0,3.8888888,0.8888889,-4.7777777,6.888889,-2.1111112,3.8888888,1,-2.3157208,0
94,140,9,0,0,0.16666667,0.033333328,0.33333328,0.044444434,3.0370371,1.7777778,6.111111,1.2222222,-3.7777777,9.222222,-5.4444447,6.111111,0.79788357,-1.9857694,0
63,201,9,0,0,2.1111119,1.7341882,2.5000007,1.656637,61.62963,54.88889,76.44444,53.555557,-20.222221,44.444443,-24.222221,76.44444,0.29921305,-2.0341187,0
118,85,9,0,0,3.2777777,4.418521,2.277778,6.8185186,8.185185,3.5555556,14.888889,6.111111,-13.888889,20.11111,-6.2222223,14.888889,0.7741213,-2.3290927,0
108,146,9,0,0,0,0,0,0,0,0,0,0,0,0,0,0,0,0,0
41,103,9,0,0,2.4444454,3.0962982,1.777778,1.4962941,61.25926,56,73.44444,54.333332,-15.777778,36.555557,-20.777779,73.44444,0.25960675,-2.0029202,0
187,134,9,0.11111111,0,2.9999998,2.0444458,1.1111116,0.38518462,26.703703,20.333334,37.444443,22.333334,-19.11111,32.22222,-13.111111,37.444443,0.45775157,-2.21646,0
228,42,9,0.11111111,0,2.055556,1.5551584,4.333334,2.2310944,44.555557,39.555557,54.11111,40,-15,28.666666,-13.666667,54.11111,0.27157217,-2.120131,0
201,125,9,0,0,1,0.44444403,9.944444,103.751854,42.814816,39.11111,51.77778,37.555557,-11.111111,26.88889,-15.777778,51.77778,0.27063802,-1.9730246,0
123,183,9,0,0,1.111111,0.6518524,6.333334,36.933327,32.25926,29.444445,39.11111,28.222221,-8.444445,20.555555,-12.111111,39.11111,0.2664361,-1.970772,0
187,89,9,0,0,3,1.6055458,1.111111,1.0680547,8.444445,6.3333335,13,6,-6.3333335,13.666667,-7.3333335,13,0.548545,-2.0438845,0
206,61,9,0,0,0.5555555,0.40368673,0.4999999,0.45946813,7.0740743,4.666667,12.222222,4.3333335,-7.2222223,15.444445,-8.222222,12.222222,0.64589113,-2.0487173,0
129,184,9,0.11111111,0,2.222222,0.91084087,3.6111114,1.8186271,45.22222,41.77778,54.444443,39.444443,-10.333333,27.666666,-17.333334,54.444443,0.2758183,-1.9301959,0
70,38,9,0,0,1.2222227,0.2721662,1.0000006,0.76011634,58,50,74.333336,49.666668,-24,49,-25,74.333336,0.33601543,-2.0785036,0
93,190,9,0,0,5.5000014,1.8226972,2.6111114,3.234651,53.592594,47.333332,66.88889,46.555557,-18.777779,39.88889,-21.11111,66.88889,0.3036015,-2.052546,0
22,87,9,0,0,1.8888899,1.2590423,1.1666666,0.62361073,64.03704,55.77778,80.333336,56,-24.777779,48.88889,-24.11111,80.333336,0.30969977,-2.105073,0
33,100,9,0,0,0.72222227,0.53402746,0.66666675,0.3651482,1.2222222,0.11111111,2.7777777,0.7777778,-3.3333333,4.6666665,-1.3333334,2.7777777,0.9777778,-2.3370957,0
23,25,9,0,0,1.1111094,0.7503052,0.6111107,0.64692986,70.44444,60.666668,89,61.666668,-29.333334,55.666668,-26.333334,89,0.3181906,-2.1304197,0
96,94,9,0,0,0.7222226,0.28518537,0.44444466,0.42963016,20.222221,16,28.777779,15.888889,-12.666667,25.666666,-13,28.777779,0.45154575,-2.084893,0
68,127,9,0,0,1.0555553,0.97562903,1.2777777,0.8277589,16.37037,10.888889,26.444445,11.777778,-16.444445,30.222221,-13.777778,26.444445,0.6014436,-2.0358076,0
216,151,9,0,0,0.16666667,0.2788867,0.11111113,0.17213261,0.11111111,0,0.33333334,0,-0.33333334,0.6666667,-0.33333334,0.33333334,0.22222222,-2.0943952,0
63,122,9,0,0,0,0,0,0,0.33333334,0,1,0,-1,2,-1,1,1,-2.0943952,0
51,115,9,0,0,0.6666667,0.48888892,1.388889,0.6851847,2.7037036,0.5555556,5.6666665,1.8888888,-6.4444447,8.888889,-2.4444444,5.6666665,0.91798943,-2.3583865,0
22,114,9,0.11111111,0,0.94444436,1.1626916,1.1666664,0.40824813,30.481482,24.444445,40.77778,26.222221,-18.11111,30.88889,-12.777778,40.77778,0.4005362,-2.2071579,0
166,182,9,0,0,3.0555553,4.213295,3.9999993,2.3664315,58.407406,52.555557,72.55556,50.11111,-17.555555,42.444443,-24.88889,72.55556,0.3112005,-1.9784946,0
159,83,9,0,0,0.3888887,0.25092387,0.27777734,0.2509239,18.222221,13.333333,26.88889,14.444445,-14.666667,26,-11.333333,26.88889,0.50381,-2.178321,0
130,102,9,0,0,7.277778,73.7963,9.444444,90.91857,14.37037,10.111111,20.222221,12.777778,-12.777778,17.555555,-4.7777777,20.222221,0.5751263,-2.3789442,0
28,114,9,0,0,0.8333333,0.43333334,1.1666666,0.25555548,1.8518518,0.11111111,4.666667,0.7777778,-5.2222223,8.444445,-3.2222223,4.666667,0.984127,-2.222661,0
45,89,9,0,0,0.7777777,0.3407409,0.77777773,0.47407398,2.2962964,0.11111111,6.4444447,0.33333334,-6.5555553,12.444445,-5.888889,6.4444447,0.9861111,-2.1239047,0
70,177,9,0,0,2.166666,1.0697887,1.666666,1.173788,49.444443,45,61,42.333336,-13.333333,34.666668,-21.333334,61,0.30596185,-1.9426625,0
42,138,9,0,0,0.4444445,1.1851856,0.44444445,1.1851853,0.2962963,0.11111111,0.6666667,0.11111111,-0.5555556,1.1111112,-0.5555556,0.6666667,0.09259259,-2.0943952,0
68,115,9,0,0,3.3333333,3.1055503,2.722222,2.7921848,26.037037,18.444445,39,20.666668,-22.777779,38.88889,-16.11111,39,0.5235376,-2.0906491,0
45,188,9,0,0,2.4444447,2.740741,3.1111116,7.540742,33.333332,29.666666,41.333336,29,-11,24,-13,41.333336,0.29986525,-2.0407205,0
83,143,9,0,0,1.2777767,1.1038657,1.2222214,0.54433095,50.37037,43,64.77778,43.333332,-22.11111,43.22222,-21.11111,64.77778,0.3412286,-2.1089952,0
190,81,9,0,0,1.2222214,0.6518519,1.8333334,0.34444275,42.925926,39.444443,51.555557,37.77778,-10.444445,25.88889,-15.444445,51.555557,0.26725134,-1.9704217,0
86,155,9,0,0,4.277778,10.551853,5.3888893,60.240738,8.740741,6.6666665,12.888889,6.6666665,-6.2222223,12.444445,-6.2222223,12.888889,0.3923854,-2.079296,0
153,78,9,0,0,9.388889,5.6702604,2.9444444,3.517681,30.296297,27.11111,37.444443,26.333334,-9.555555,21.444445,-11.888889,37.444443,0.30020806,-2.0177794,0
176,100,9,0,0,1.9444441,0.7740748,1.4444447,0.6518514,55.37037,50.333332,66.88889,48.88889,-15.111111,34.555557,-19.444445,66.88889,0.26862052,-2.00619,0
218,147,9,0,0,0,0,0,0,0,0,0,0,0,0,0,0,0,0,0
161,190,9,0,0,3.7777774,2.0940847,4.5555553,3.7277741,58.11111,51.666668,71.111115,51.555557,-19.333334,39,-19.666666,71.111115,0.28591606,-2.102898,0
241,145,9,0,0,0,0,0,0,0,0,0,0,0,0,0,0,0,0,0
173,158,9,0.11111111,0,1.888889,3.6740744,1.1666666,0.477778,8.37037,7.111111,11.777778,6.2222223,-3.7777777,10.222222,-6.4444447,11.777778,0.47297516,-1.9046513,0
26,120,9,0,0,0.77777773,1.2740741,0.8333333,1.0555556,1.3333334,0.11111111,3.3333333,0.5555556,-3.6666667,6,-2.3333333,3.3333333,0.984127,-2.1787686,0
101,137,9,0,0,0.44444445,0.50184834,0.8333333,0.8096638,1.1481482,0.22222222,2.6666667,0.5555556,-2.7777777,4.5555553,-1.7777778,2.6666667,0.95,-2.2005885,0
81,79,9,0,0,0.44444466,0.074074,0.88888866,0.6518533,45.814816,42.88889,53.88889,40.666668,-8.777778,24.222221,-15.444445,53.88889,0.245206,-1.9188883,0
188,88,9,0,0,0.6666667,0.4714045,0.33333325,0.29814243,7.3333335,5.111111,12.222222,4.666667,-6.6666665,14.666667,-8,12.222222,0.61790985,-2.0357685,0
37,78,9,0,0,1.0000006,0.17777735,2.5555565,2.8740728,43.814816,41.11111,51.88889,38.444443,-8.111111,24.222221,-16.11111,51.88889,0.25891644,-1.8860723,0
161,138,9,0,0,0.22222221,0.17213258,0.22222222,0.2721655,1.2222222,0.44444445,3.2222223,0,-2.3333333,6,-3.6666667,3.2222223,1,-1.9491665,0
201,161,9,0,0,2.555556,0.5185191,11.500001,96.65553,41.814816,35.77778,51.444443,38.22222,-18.11111,28.88889,-10.777778,51.444443,0.30298296,-2.338974,0
66,160,9,0,0,3.0000007,4.044447,2.777778,0.4296295,22.851852,18.222221,31.555555,18.777779,-13.888889,26.11111,-12.222222,31.555555,0.4260139,-2.1387258,0
229,104,9,0,0,0.49999985,0.54772234,2.8333333,2.0412421,19.777779,16.333334,26.11111,16.88889,-10.333333,19,-8.666667,26.11111,0.37553233,-2.1506376,0
180,116,9,0,0,2.9444456,1.611303,1.333333,0.81649673,33.185184,29.11111,41.666668,28.777779,-12.222222,25.444445,-13.222222,41.666668,0.30946052,-2.068113,0
229,24,9,0,0,1.777778,1.1088876,1.2222233,1.0470423,49.185184,42.333336,61.22222,44,-20.555555,36.11111,-15.555555,61.22222,0.3086199,-2.1867971,0
54,133,9,0,0,1.5555557,1.0074074,0.50000006,0.3444443,5.3703704,3.6666667,9,3.4444444,-5.111111,10.888889,-5.7777777,9,0.6304714,-2.0480003,0
140,188,9,0,0,2,2.1081848,3.0555546,2.4981472,61.666668,54.444443,76.55556,54,-21.666666,44.666668,-23,76.55556,0.29562417,-2.074028,0
57,93,9,0,0,0.38888898,0.38968158,0.22222202,0.17213243,17.925926,13.222222,27.11111,13.444445,-14.111111,27.555555,-13.444445,27.11111,0.5119048,-2.1104572,0
96,130,9,0,0,0.5555555,0.45542008,1.2222222,0.65546143,2.4074075,0.44444445,5,1.7777778,-5.888889,7.7777777,-1.8888888,5,0.93121696,-2.3662155,0
86,140,9,0,0,5.444444,4.7687263,3.0555556,2.6784468,9.925926,6,15.111111,8.666667,-11.777778,15.555555,-3.7777777,15.111111,0.627944,-2.417818,0
169,136,9,0,0,0.27777782,0.06296299,0.8333333,0.21111113,2.074074,0.6666667,4.888889,0.6666667,-4.2222223,8.444445,-4.2222223,4.888889,0.87751323,-2.0943952,0
48,79,9,0,0,1.7777778,1.8518519,1.1666667,1.3222216,5.4074073,1.7777778,10.555555,3.8888888,-10.888889,15.444445,-4.5555553,10.555555,0.8424523,-2.3397982,0
203,133,9,0,0,0.11111111,0.029629635,0.11111111,0.029629635,0.5925926,0,1.7777778,0,-1.7777778,3.5555556,-1.7777778,1.7777778,1,-2.0943952,0
118,180,9,0,0,1.9444447,1.4819913,3.1111114,1.0886629,48.555557,44.11111,59,42.555557,-13.333333,31.333334,-18,59,0.27882218,-1.9960423,0
192,162,9,0,0,2.3888886,2.1962967,14.944444,219.57411,40.444443,34.444447,49.444443,37.444443,-18,27,-9,50.333332,0.30781415,-2.5736349,0
189,142,9,0,0,0,0,0,0,0,0,0,0,0,0,0,0,0,0,0
90,122,9,0.11111111,0,1.6666669,1.398412,1.1666669,0.69121486,16.185184,10.222222,25.333334,13,-17.88889,27.444445,-9.555555,25.333334,0.584744,-2.2472665,0
193,154,9,0,0,1.7222217,2.5518515,2,1.8666656,28.148148,21.555555,39.555557,23.333334,-19.777779,34.22222,-14.444445,39.555557,0.45353317,-2.1910727,0
5,118,9,0,0,0.22222222,0.07407408,0.33333334,0.0888889,0.9259259,0,2.5555556,0.22222222,-2.7777777,4.888889,-2.1111112,2.5555556,1,-2.1712801,0
31,88,9,0.11111111,0,0.88888884,0.60740745,2.1666665,1.9888896,5.259259,1.5555556,10.111111,4.111111,-11.111111,14.555555,-3.4444444,10.111111,0.85137916,-2.3966565,0
206,64,9,0,0,0.055555504,0.13608263,0.27777776,0.13608277,5.703704,3.6666667,10.333334,3.1111112,-6.111111,13.888889,-7.7777777,10.333334,0.6979798,-2.015428,0
187,36,9,0,0,0.38888884,0.2509243,0.4999999,0.2788868,7.5185184,4.7777777,13,4.7777777,-8.222222,16.444445,-8.222222,13,0.6486569,-2.0972927,0
47,189,9,0,0,2.2777774,4.5518537,5.8888893,14.6074095,29.62963,26.777779,36.555557,25.555555,-8.555555,20.777779,-12.222222,36.555557,0.29741284,-1.9545742,0
23,188,9,0,0,1.6666673,0.4888878,7.38889,37.218513,30.592592,27.444445,37.77778,26.555555,-9.444445,21.555555,-12.111111,37.77778,0.28414816,-2.0145087,0
78,100,9,0,0,1.5555553,8.296297,2.5555556,8.829631,4.5925927,1.4444444,9.444445,2.8888888,-9.444445,14.555555,-5.111111,9.444445,0.87633204,-2.2805398,0
197,105,9,0,0,3.7222223,15.662961,3.6666663,14.400001,4.148148,1.6666666,8.333334,2.4444444,-7.4444447,12.555555,-5.111111,8.333334,0.88604844,-2.2054374,0
187,120,9,0,0,2.2222214,2.083445,1.2777786,0.6469289,60.037037,56.88889,69.333336,53.88889,-9.444445,27.88889,-18.444445,69.333336,0.22280817,-1.8929771,0
27,189,9,0,0,0.9999997,0.31111082,2.6111114,2.5074077,32.77778,29,40.666668,28.666666,-11.333333,23.666666,-12.333333,40.666668,0.29784104,-2.0642734,0
91,64,9,0,0,0.94444466,0.71232474,1.0555559,1.0201671,62,53.666668,78.111115,54.22222,-25,48.333332,-23.333334,78.111115,0.31425992,-2.1180868,0
189,68,9,0,0,1.6666666,1.619327,1.1111113,1.344399,38.592594,38.333336,42.333336,35.11111,-0.7777778,11.222222,-10.444445,42.333336,0.17044854,-1.6248463,0
196,100,9,0,0,7.277777,83.351845,5.777778,68.87406,8.148149,4.666667,13.333333,6.4444447,-10.444445,15.555555,-5.111111,13.333333,0.7380342,-2.2898738,0
235,88,9,0,0,0.6111111,0.24074072,0.9444445,0.32962963,2.7777777,0.44444445,6.4444447,1.4444444,-7,11,-4,6.4444447,0.93849206,-2.2695446,0
35,189,9,0,0,2.5555544,2.8740702,4.5,15.366663,31.925926,29,38.555557,28.222221,-8.777778,19.88889,-11.111111,38.555557,0.26298115,-2.0222268,0
75,65,9,0,0,2.5,1.1105564,1.5555553,0.9349202,57.74074,50.444443,72.66667,50.11111,-21.88889,44.77778,-22.88889,72.66667,0.31478265,-2.077647,0
187,86,9,0,0,1.0555556,1.0628402,3.0555553,2.5422366,6.703704,4.666667,10.888889,4.5555553,-6.111111,12.555555,-6.4444447,10.888889,0.5942257,-2.0544748,0
195,119,9,0,0.11111111,3.611111,1.4050171,1.2222223,0.91084015,8.62963,5.888889,13.666667,6.3333335,-8.222222,15.111111,-6.888889,13.666667,0.58956474,-2.1427078,0
237,137,9,0,0,8.944446,8.654905,2.6111104,1.5551589,36.925926,34.88889,42.333336,33.555557,-6.111111,16.222221,-10.111111,42.333336,0.2144562,-1.9409745,0
99,103,9,0,0,1,0.40000102,0.8333359,0.43333372,64.44444,58.333332,78.111115,56.88889,-18.333334,41,-22.666666,78.111115,0.271568,-2.022581,0
235,88,9,0,0,0.3333335,0.044444498,0.4444445,0.074074045,12.259259,7.5555553,21.11111,8.111112,-14.111111,26.555555,-12.444445,21.11111,0.6417749,-2.136677,0
36,207,9,0,0,2.722222,3.1792145,6.444444,2.8021147,56.814816,50.444443,70.111115,49.88889,-19.11111,39.88889,-20.777779,70.111115,0.2906682,-2.0627244,0
19,62,9,0,0,11.222222,0.8860996,0.6666667,0.36514628,62.814816,53.77778,80,54.666668,-27.11111,51.555557,-24.444445,80,0.32936445,-2.1262069,0
121,192,9,0.11111111,0,3.3888886,2.059307,5.9444447,2.489237,60.814816,53.444443,76.44444,52.555557,-22.11111,46.88889,-24.777779,76.44444,0.3126096,-2.055457,0
132,124,9,0,0,0.22222221,0.074074075,0.22222221,0.074074045,1.074074,0,3.2222223,0,-3.2222223,6.4444447,-3.2222223,3.2222223,1,-2.0943952,0
242,65,9,0,0,0.5555553,0.27216578,1,0.42163682,8.925926,6.111111,14.333333,6.3333335,-8.444445,16.222221,-7.7777777,14.333333,0.5834605,-2.1218784,0
2,114,9,0,0,0.8333333,0.12222227,0.27777782,0.06296296,1.7407408,0.7777778,3.8888888,0.5555556,-2.8888888,6.4444447,-3.5555556,3.8888888,0.88148147,-2.0270298,0
237,192,9,0.11111111,0,0.8333333,0.54772305,4.3888893,3.5239923,46.37037,41.11111,57.666668,40.333336,-15.777778,33.88889,-18.11111,57.666668,0.3026748,-2.047243,0
238,86,9,0,0,0.44444403,0.02962958,0.33333302,0.044444356,12,7.5555553,20.444445,8,-13.333333,25.333334,-12,20.444445,0.6295031,-2.1283617,0
94,80,9,0,0,2.1666653,1.1879028,0.83333397,0.50552523,58.333332,51.22222,72.111115,51.666668,-21.333334,41.333332,-20,72.111115,0.2908336,-2.1163511,0
209,191,9,0,0.11111111,3.0555553,2.3037815,5.722222,6.071487,48.22222,43.88889,58.666668,42.11111,-13,31.333334,-18.333334,58.666668,0.27976418,-1.964901,0
33,94,9,0,0,1.3333336,0.21081811,2.5555556,1.6420401,5.888889,3.2222223,7.7777777,6.6666665,-8,5.6666665,2.3333333,7.7777777,0.60978836,-2.869948,0
83,133,9,0.11111111,0,2.3333347,2.1395726,1.166666,1.0697864,48.666668,41.555557,62.555557,41.88889,-21.333334,41.666668,-20.333334,62.555557,0.33914515,-2.1117887,0
196,161,9,0,0,2.7777774,5.540735,11.777776,93.98522,41.962963,36.555557,51.22222,38.11111,-16.222221,27.777779,-11.555555,51.333332,0.28212494,-2.38829,0
87,135,9,0,0,0.38888887,0.24074073,0.33333334,0.17777777,0.962963,0,2.7777777,0.11111111,-2.8888888,5.4444447,-2.5555556,2.7777777,1,-2.1175485,0
92,70,9,0.11111111,0,1.1111107,1.3608265,0.7777767,0.65546083,61.11111,53.444443,77,52.88889,-23,47.666668,-24.666666,77,0.31436473,-2.070832,0
48,202,9,0,0.11111111,3.3888886,1.6250362,4.8333325,4.091997,58,52,71,51,-18,39,-21,71,0.2845155,-2.0459433,0
9,131,9,0,0,0,0,0,0,0,0,0,0,0,0,0,0,0,0,0
18,43,9,0,0,1.8888893,1.7722137,1.5555567,1.2232332,64.703705,54.88889,82.55556,56.666668,-29.444445,53.555557,-24.11111,82.55556,0.3351151,-2.1605515,0
202,21,9,0,0,0.33333334,0.36514834,5.222221,2.613357,40.74074,37.11111,49.333332,35.77778,-10.888889,25.777779,-14.888889,49.333332,0.2745188,-1.9908056,0
169,186,9,0,0.22222222,2.333334,1.659987,5.5000005,2.5188184,49.444443,44.666668,61.11111,42.555557,-14.333333,35,-20.666666,61.11111,0.30344796,-1.974394,0
78,186,9,0,0,2.833334,2.1222198,3.5555556,4.2074056,35.296295,31.222221,43.88889,30.777779,-12.222222,25.777779,-13.555555,43.88889,0.30228558,-2.0601218,0
190,188,9,0,0,2.0000007,1.5634717,2.2777774,1.7815938,49.703705,44.666668,61.77778,42.666668,-15.111111,36.22222,-21.11111,61.77778,0.30923617,-1.9845647,0
74,122,9,0,0,1.2222222,1.2412658,1.3333331,0.6992059,16.148148,8,28.333334,12.111111,-24.444445,36.555557,-12.111111,28.333334,0.71822083,-2.305989,0
234,110,9,0,0,0.8333333,0.21111107,0.5,0.56666666,1.8148148,0.11111111,4.888889,0.44444445,-5.111111,9.222222,-4.111111,4.888889,0.984127,-2.1525068,0
187,75,9,0,0,1.5555559,0.9108403,5.6666665,4.8027763,39.703705,35.77778,48.22222,35.11111,-11.777778,25.555555,-13.777778,48.22222,0.27505925,-2.036435,0
206,80,9,0,0,4.888889,14.829629,3.8333333,36.12222,10.037037,6.5555553,15.111111,8.444445,-10.444445,15.222222,-4.7777777,15.111111,0.59776545,-2.3262568,0
17,110,9,0.11111111,0,1.2777778,1.2629629,2.7222223,2.9962952,3.9629629,1.4444444,6.4444447,4,-7.5555553,7.4444447,0.11111111,6.4444447,0.80665785,-2.6186507,0
97,123,9,0,0,1.5555553,1.0962937,13.222221,108.74074,52.814816,48,64.111115,46.333332,-14.444445,33.88889,-19.444445,64.111115,0.2805935,-1.9941053,0
82,120,9,0,0,5.6666675,46.933327,5.9444447,60.06297,6.962963,3.3333333,12.777778,4.7777777,-10.888889,17.444445,-6.5555553,12.777778,0.8228925,-2.240133,0
137,190,9,0,0,2.055556,0.7428677,2.277778,1.4050181,60.444443,53.444443,75.55556,52.333332,-21,45.333332,-24.333334,75.55556,0.30879894,-2.0436168,0
143,114,9,0,0,1.5,0.80966365,0.3888887,0.389682,27.185184,23,34.444447,24.11111,-12.555555,21.777779,-9.222222,34.444447,0.33188802,-2.196423,0
105,111,9,0,0,0.3888887,0.38968194,1.0555559,0.44305268,60.185184,53.22222,74.888885,52.444443,-20.88889,44.11111,-23.222221,74.888885,0.29966387,-2.0580003,0
223,190,9,0,0,1.9999994,1.0327959,2.055556,1.4669192,46.88889,42,57.77778,40.88889,-14.666667,32.666668,-18,57.77778,0.29222646,-2.0251334,0
198,185,9,0,0,1.3333346,1.2292717,2.5,1.656637,50.22222,45.444443,61.333332,43.88889,-14.333333,33.333332,-19,61.333332,0.28555444,-2.0071752,0
101,121,9,0.11111111,0,0.6666667,0.843274,1.5,0.88819396,3.4074075,1.1111112,6,3.1111112,-6.888889,7.7777777,-0.8888889,6,0.8435185,-2.5191648,0
177,76,9,0,0,1.3888893,1.3567389,15,11.481388,29.814816,28.666666,33.444447,27.333334,-3.4444444,10.888889,-7.4444447,33.444447,0.20066153,-1.9036244,0
61,202,9,0,0,2.2777774,1.8787305,1.8888887,1.0036967,61.62963,55,76,53.88889,-19.88889,43.11111,-23.222221,76,0.29352704,-2.0435379,0
56,140,9,0,0,0.9444444,0.46296272,0.27777776,0.06296294,5.5555553,3.6666667,9.444445,3.5555556,-5.6666665,11.666667,-6,9.444445,0.6392537,-2.0722682,0
224,124,9,0,0,3.1666667,9.544442,7.388889,70.1963,43.148148,39.22222,52.666668,37.555557,-11.777778,28.555555,-16.777779,52.666668,0.2909818,-1.9809769,0
154,189,9,0,0,1.5555553,1.0470409,1.4444441,0.8606628,59.925926,53.444443,74.888885,51.444443,-19.444445,44.88889,-25.444445,74.888885,0.3128917,-2.0059564,0
13,15,9,0.11111111,0,1.2222227,0.8861077,1.2222227,1.0256,68.96296,59.333332,86.888885,60.666668,-28.88889,53.77778,-24.88889,86.888885,0.3169049,-2.145323,0
234,175,9,0,0,1.9444441,1.323576,3.4444454,2.2574966,57.77778,50.666668,72.66667,50,-21.333334,44.666668,-23.333334,72.66667,0.31203708,-2.0637763,0
173,186,9,0,0.11111111,3.2222226,2.115201,5.5,3.5071344,53.444443,48.22222,65.88889,46.22222,-15.666667,37.333332,-21.666666,65.88889,0.2983021,-1.9882493,0
99,184,9,0,0,1.8333327,3.2777793,7.944443,63.35185,31.518518,27.777779,38.77778,28,-11.222222,21.777779,-10.555555,38.77778,0.28044972,-2.1831248,0
189,62,9,0,0,0.38888893,0.2509241,0.44444442,0.3442651,7.6296296,5,13.111111,4.7777777,-7.888889,16.444445,-8.555555,13.111111,0.6359381,-2.0669532,0
220,120,9,0,0,0.38888893,0.062962964,0.38888887,0.062962994,1,0,3,0,-3,6,-3,3,1,-2.0943952,0
229,195,9,0,0,4.166666,2.2779152,4.111111,2.2476342,47.703705,42.444443,58.88889,41.77778,-15.777778,33.555557,-17.777779,58.88889,0.29027814,-2.0527046,0
171,89,9,0,0,0,0,0,0,0,0,0,0,0,0,0,0,0,0,0
191,162,9,0,0,2.6111114,1.8851837,14.166667,210.92223,40.962963,34.88889,50.11111,37.88889,-18.222221,27.444445,-9.222222,50.666668,0.298124,-2.555683,0
58,140,9,0,0,0.055555556,0.01851852,0.22222225,0.029629627,0.25925925,0,0.7777778,0,-0.7777778,1.5555556,-0.7777778,0.7777778,0.7777778,-2.0943952,0
58,109,9,0,0,0.8888889,0.25185165,2.8333333,1.677777,4.296296,1.4444444,8.444445,3,-8.555555,12.444445,-3.8888888,8.444445,0.8644824,-2.2837873,0
250,176,9,0,0.11111111,1.611112,1.0628399,3.444444,1.6953092,53.666668,47.11111,67.66667,46.22222,-19.666666,42,-22.333334,67.66667,0.3181372,-2.0522583,0
113,34,9,0,0,1.9999987,1.1352938,0.8333308,0.83665943,72.888885,65,89.111115,64.55556,-23.666666,48.666668,-25,89.111115,0.27917594,-2.0781536,0
241,137,9,0,0.11111111,4.277778,18.685184,3.8333333,37.500004,5,2.5555556,9,3.4444444,-7.3333335,12,-4.6666665,9,0.837478,-2.1939669,0
57,199,9,0,0,3.833334,2.647851,6.3888893,3.4667745,54.962963,47.88889,69.22222,47.77778,-21.222221,42.77778,-21.555555,69.22222,0.31700587,-2.0847538,0
139,121,9,0,0,1.0555555,0.41851884,1.1666666,0.83333385,3.7037036,0.7777778,7.7777777,2.5555556,-8.777778,12.222222,-3.4444444,7.7777777,0.9074074,-2.351514,0
182,152,9,0,0,0.77777785,0.98130673,0.8333333,1.0903618,0.7777778,0.33333334,1.6666666,0.33333334,-1.3333334,2.6666667,-1.3333334,1.6666666,0.70555556,-2.0943952,0
204,116,9,0,0,1.0555555,1.262963,1.0555556,1.4407407,2.1851852,0.33333334,5.111111,1.1111112,-5.5555553,8.777778,-3.2222223,5.111111,0.96141976,-2.2490795,0
48,85,9,0,0,3.111111,13.451853,2.0555556,6.862964,4.296296,1.3333334,8.888889,2.6666667,-8.888889,13.777778,-4.888889,8.888889,0.8858245,-2.2715442,0
54,91,9,0,0,1.4444443,1.540741,0.8333333,0.25555572,3.2592592,0.5555556,8,1.2222222,-8.111111,14.222222,-6.111111,8,0.94481075,-2.186723,0
59,120,9,0,0,2.1666667,1.9860634,1.4444441,1.8698385,19.074074,10.555555,33.11111,13.555555,-25.555555,42.11111,-16.555555,33.11111,0.6812664,-2.2312608,0
137,147,9,0.11111111,0,1.5555557,1.2740756,2.0555556,2.8185174,27.222221,20.555555,38.666668,22.444445,-20,34.333332,-14.333333,38.666668,0.4681647,-2.2045748,0
239,93,9,0,0,3.444444,13.496301,1.0555555,0.86296237,14.407408,9.888889,22.88889,10.444445,-13.555555,25.444445,-11.888889,22.88889,0.57700235,-2.1374934,0
138,185,9,0,0,3.0555546,2.977074,1.9444441,2.1542377,57.074074,50.11111,71.111115,50,-20.88889,42.11111,-21.222221,71.111115,0.29802468,-2.0888546,0
19,145,9,0,0,0.88888884,1.674074,2.111111,4.3851857,2.074074,0.6666667,3.5555556,2,-4.2222223,4.4444447,-0.22222222,3.5555556,0.45767197,-2.5697682,0
41,75,9,0,0.11111111,15.388889,19.136257,26.611113,31.71359,55,47.444443,65.44444,52.11111,-22.666666,31.333334,-8.666667,65.44444,0.29780185,-2.3567543,0
217,148,9,0,0,2.0555556,2.551854,1.0555553,0.5074078,29.074074,21.444445,41.555557,24.222221,-22.88889,37.444443,-14.555555,41.555557,0.4837708,-2.2379715,0
25,138,9,0.11111111,0,1.2777777,1.1434193,0.72222215,0.49065349,5.185185,2,9.333334,4.2222223,-9.555555,12.444445,-2.8888888,9.333334,0.7900112,-2.4068089,0
229,102,9,0,0,0.88888866,0.7200823,7.944444,5.425934,42.77778,37,54.444443,36.88889,-17.333334,35,-17.666666,54.444443,0.31827116,-2.0885792,0
183,139,9,0,0,0.16666667,0.18257418,0.22222221,0.27216554,1.3703704,0.8888889,3.2222223,0,-1.4444444,5.5555553,-4.111111,3.2222223,1,-1.8030714,0
121,134,9,0,0,0.22222228,0.029629644,0.8333333,0.07777786,1.6666666,0.6666667,4,0.33333334,-3,7,-4,4,0.93703705,-2.0131435,0
112,120,9,0.11111111,0,1.3333334,1.0327947,2.222222,1.7083671,21.555555,17.555555,28.666666,18.444445,-12,21.333334,-9.333333,28.666666,0.38675025,-2.1774175,0
22,133,9,0,0,0,0,0,0,0,0,0,0,0,0,0,0,0,0,0
224,95,9,0,0,1.2222223,0.47407404,1.0555557,0.7296295,3.5185184,0.8888889,7.2222223,2.4444444,-7.888889,11.111111,-3.2222223,7.2222223,0.88955027,-2.3489873,0
222,62,9,0,0,0.27777782,0.2509242,0.6666667,0.55777335,6.4074073,4.111111,11.444445,3.6666667,-6.888889,15.111111,-8.222222,11.444445,0.68080807,-2.0341523,0
189,68,9,0,0,1.1111113,0.58373,1.0555557,0.5340273,6.888889,5.6666665,10.333334,4.666667,-3.6666667,10.333333,-6.6666665,10.333334,0.534151,-1.780255,0
137,182,9,0,0,1.8333334,3.8555553,3.6111107,9.218522,34.925926,31.444445,42.88889,30.444445,-10.444445,23.88889,-13.444445,42.88889,0.28575617,-2.0011246,0
59,99,9,0,0,0.77777785,0.8296297,0.99999994,0.3555556,2.0370371,0.11111111,5.5555553,0.44444445,-5.7777777,10.555555,-4.7777777,5.5555553,0.9861111,-2.149743,0
162,94,9,0,0,9.611112,39.262947,0.55555576,0.25185204,15.37037,10.666667,23.777779,11.666667,-14.111111,25.222221,-11.111111,23.777779,0.59959364,-2.142756,0
58,48,9,0,0,2.277778,0.250925,0.27777734,0.25092447,40.851852,35.444447,52.444443,34.666668,-16.222221,34.77778,-18.555555,52.444443,0.33911672,-2.0487316,0
65,176,9,0,0,2.8888886,1.4707015,1.5,1.1690452,49.74074,45.22222,61,43,-13.555555,33.77778,-20.222221,61,0.294787,-1.9657031,0
79,28,9,0,0,4.277777,3.7618961,0.8333333,0.6582806,62.407406,53.444443,79.111115,54.666668,-26.88889,50.11111,-23.222221,79.111115,0.32455578,-2.1445074,0
219,80,9,0,0,2.0555556,2.9014688,2.9444444,1.0835476,14.481482,11.333333,20.333334,11.777778,-9.444445,17.555555,-8.111111,20.333334,0.43286037,-2.1389008,0
37,124,9,0,0.11111111,1.4999994,1.0111091,2.4444447,1.8074036,54.333332,49.444443,65.22222,48.333332,-14.666667,32.666668,-18,65.22222,0.2585428,-2.0300786,0
251,195,9,0,0,2.944444,2.8784,3.833334,2.3546653,47.925926,42.555557,59.22222,42,-16.11111,33.88889,-17.777779,59.22222,0.2918749,-2.0567336,0
156,79,9,0,0.11111111,1.9444443,2.4532669,4.7777777,3.4875438,14.185185,10.555555,20.555555,11.444445,-10.888889,19.11111,-8.222222,20.555555,0.4850439,-2.1758432,0
123,136,9,0,0,0.5555555,1.0962964,0.6666666,1.3333331,1.1111112,0.11111111,3,0.22222222,-3,5.6666665,-2.6666667,3,0.9861111,-2.1109743,0
207,115,9,0,0,1.0555555,0.3296295,0.16666669,0.033333343,1.2222222,0.44444445,2.8888888,0.33333334,-2.3333333,5,-2.6666667,2.8888888,0.93333334,-2.0655363,0
52,89,9,0,0,5.2222223,2.721655,0.7222226,0.49065316,28.925926,25.222221,36.88889,24.666666,-11.111111,23.88889,-12.777778,36.88889,0.33112764,-2.0484614,0
174,112,9,0,0,2.3888881,0.99629515,0.6666663,0.79999924,31.62963,24.222221,43.666668,27,-22.222221,36.11111,-13.888889,43.666668,0.4450395,-2.2447722,0
42,188,9,0,0,1.833333,1.8111092,1.388889,1.7518508,30.777779,27.555555,38.11111,26.666666,-9.666667,22,-12.333333,38.11111,0.3017472,-2.016443,0
56,141,9,0,0,0.16666669,0.18257418,0.33333337,-1.5894573e-08,0.18518518,0,0.5555556,0,-0.5555556,1.1111112,-0.5555556,0.5555556,0.5555556,-2.0943952,0
214,108,9,0,0,0.6666667,0.365148,0.6666667,0.29814258,16.925926,13.555555,23.444445,13.777778,-10.111111,19.555555,-9.444445,23.444445,0.42167473,-2.117648,0
186,89,9,0,0,0.61111134,0.19629638,1.0555557,0.28518525,22.666666,16.444445,33.555557,18,-18.666666,32.666668,-14,33.555557,0.5094622,-2.188149,0
118,111,9,0,0,1.2222227,1.0470412,0.55555534,0.27216536,62.25926,56.444443,75.333336,55,-17.444445,39.22222,-21.777779,75.333336,0.2692176,-2.014126,0
144,35,9,0,0,2.3333328,2.0330596,2.055556,1.7309813,37.592594,32.333336,47.444443,33,-15.777778,29.555555,-13.777778,47.444443,0.3197136,-2.138762,0
223,161,9,0,0,1.3888893,3.040736,8.999999,31.022234,42.037037,36,52.22222,37.88889,-18.11111,30.555555,-12.444445,52.22222,0.30841646,-2.282295,0
132,134,9,0,0,2.6666667,3.1555562,1.5,1.5444443,6.185185,2.2222223,11.444445,4.888889,-11.888889,15.777778,-3.8888888,11.444445,0.8339346,-2.3866115,0
109,146,9,0,0,0.055555556,0.13608277,0.055555556,0.13608277,0.037037037,0,0.11111111,0,-0.11111111,0.22222222,-0.11111111,0.11111111,0.11111111,-2.0943952,0
59,116,9,0,0,3.0000007,2.8126693,0.7777777,0.45542037,21.962963,17.88889,29.555555,18.444445,-12.222222,22.777779,-10.555555,29.555555,0.39566323,-2.144778,0
223,62,9,0,0,0.3333334,0.29814243,0.44444442,0.50184846,6.4444447,4.111111,11.444445,3.7777777,-7,15,-8,11.444445,0.6703704,-2.0487173,0
79,154,9,0,0,1.1111112,1.5851849,0.16666669,0.07777777,0.7407407,0.44444445,1.5555556,0.22222222,-0.8888889,2.4444444,-1.5555556,1.5555556,0.2888889,-1.9196393,0
173,67,9,0,0,1.1111112,1.2412658,0.22222225,0.34426522,0.7407407,0.7777778,1.1111112,0.33333334,0.11111111,1.1111112,-1.2222222,1.1111112,0.23148148,-1.5126845,0
67,194,9,0,0,3.7222207,1.4969094,6.4444447,3.9646575,58.814816,51.77778,72.55556,52.11111,-21.11111,41.22222,-20.11111,72.55556,0.28679082,-2.112941,0
114,184,9,0,0,0.7222226,0.32962984,9.388888,28.951855,31.185184,28.444445,37.11111,28,-8.222222,17.777779,-9.555555,37.11111,0.23234288,-2.1603296,0
77,185,9,0,0,2.944445,7.6629586,6.2222214,32.118523,32.555557,29.222221,39.666668,28.777779,-10,21.333334,-11.333333,39.666668,0.27036038,-2.0852716,0
236,194,9,0,0,2.666666,1.9321826,2.4444435,1.7971164,50.11111,44.22222,62.444443,43.666668,-17.666666,37,-19.333334,62.444443,0.30066735,-2.0642767,0
73,105,9,0,0,2.1111114,1.0962937,1.1666666,0.52222216,58.62963,53.333332,70.333336,52.22222,-15.888889,35.11111,-19.222221,70.333336,0.25904787,-2.032243,0
167,189,9,0,0,3.7777774,2.2377224,3.7777774,1.544405,58.407406,51.333332,72.44444,51.444443,-21.222221,42.11111,-20.88889,72.44444,0.29552308,-2.1013258,0
194,124,9,0,0,1.4999999,0.43333384,1.388889,0.90740687,2.8148148,1,5.5555553,1.8888888,-5.4444447,8.222222,-2.7777777,5.5555553,0.8367725,-2.2846084,0
41,150,9,0,0,1.777778,1.94074,2.1666667,1.4999995,20.74074,16.222223,29.222221,16.777779,-13.555555,25.444445,-11.888889,29.222221,0.44157267,-2.1348755,0
235,81,9,0,0,1.388889,0.41851807,0.77777773,0.2962964,3.4814816,1,7.4444447,2,-7.4444447,11.888889,-4.4444447,7.4444447,0.88121694,-2.2481337,0
38,103,9,0,0,0.8888893,1.051852,1.9444447,1.3962961,58.185184,53.333332,69.55556,51.666668,-14.555555,34.11111,-19.555555,69.55556,0.2570141,-1.9975892,0
199,120,9,0,0,5.777777,4.9516163,0.944444,0.4430521,51.074074,48.22222,59.22222,45.77778,-8.555555,24.444445,-15.888889,59.22222,0.2246171,-1.8964247,0
72,32,9,0.11111111,0.11111111,3.9444447,2.7032225,2.277778,1.9710876,56.37037,48.555557,72.77778,47.77778,-23.444445,49.22222,-25.777779,72.77778,0.3444093,-2.060607,0
68,135,9,0,0,0.83333343,0.47777793,0.3333334,0.2666667,6.2222223,4,10.444445,4.2222223,-6.6666665,12.666667,-6,10.444445,0.6175926,-2.1255164,0
75,90,9,0.11111111,0,4.1666675,3.0018506,2.8333333,2.7708795,48.22222,41.22222,61.444443,42,-21,39.666668,-18.666666,61.444443,0.32763156,-2.1318614,0
5,210,9,0,0.11111111,2.1666672,1.6699982,4.444444,2.613356,51.296295,45.444443,64.333336,44.11111,-17.555555,39.11111,-21.555555,64.333336,0.3175664,-2.0208955,0
226,110,9,0,0,0.33333334,0.08888887,0.49999997,0.2111111,1.6666666,0.11111111,4.4444447,0.44444445,-4.6666665,8.333333,-3.6666667,4.4444447,0.9777778,-2.1559837,0
1,81,9,0,0,12.166667,267.45554,9.222222,205.36296,21.333334,14,30.555555,19.444445,-22,27.666666,-5.6666665,30.555555,0.5952822,-2.438409,0
207,115,9,0,0,1.0555555,0.3296295,0.16666669,0.033333343,1.2222222,0.44444445,2.8888888,0.33333334,-2.3333333,5,-2.6666667,2.8888888,0.93333334,-2.0655363,0
184,145,9,0,0,0.72222227,0.6116159,0.22222222,0.2721655,0.5555556,0.33333334,1.2222222,0.11111111,-0.6666667,2,-1.3333334,1.2222222,0.5277778,-1.9209436,0
5,210,9,0,0.11111111,2.1666672,1.6699982,4.444444,2.613356,51.296295,45.444443,64.333336,44.11111,-17.555555,39.11111,-21.555555,64.333336,0.3175664,-2.0208955,0
54,142,9,0,0,0.7222223,0.82775915,2,2.1081848,1.8148148,0.8888889,3.6666667,0.8888889,-2.7777777,5.5555553,-2.7777777,3.6666667,0.76944447,-2.0943952,0
118,125,9,0,0,0.33333334,0.29814234,0.88888884,0.34426528,1.1481482,0,3.1111112,0.33333334,-3.4444444,5.888889,-2.4444444,3.1111112,1,-2.1756468,0
112,90,9,0,0,7.38889,6.9455557,1.2777773,0.87981415,65.18519,57.666668,79.77778,58.11111,-22.555555,43.77778,-21.222221,79.77778,0.27834544,-2.108813,0
57,42,9,0,0,2.333334,0.8692256,0.99999875,0.69920623,37.444443,32.77778,47.77778,31.777779,-14,31,-17,47.77778,0.3346618,-2.029552,0
140,124,9,0,0,1,0.44444454,1.1111112,1.0518516,2.5185184,0.22222222,6.111111,1.2222222,-6.888889,10.777778,-3.8888888,6.111111,0.97376543,-2.267462,0
147,87,9,0,0,6.8333335,6.6189947,1.5555567,1.6953089,43.333332,37.88889,54.88889,37.22222,-16.333334,34.666668,-18.333334,54.88889,0.319706,-2.050388,0
221,107,9,0,0,1.1666666,0.2111112,0.83333325,0.3444444,2.2222223,0.33333334,5.3333335,1,-5.6666665,9.333333,-3.6666667,5.3333335,0.94708997,-2.2263546,0
108,128,9,0,0,7.0555553,4.3686585,1.666666,1.0540924,53.25926,46.333332,67.111115,46.333332,-20.777779,41.555557,-20.777779,67.111115,0.31292745,-2.0919266,0
21,64,9,0,0,16.277779,12.948471,20.222223,17.629103,31,24.666666,38,30.333334,-19,21,-2,38,0.40074632,-2.593825,0
205,194,9,0,0,1.6111107,1.2003093,5.388889,3.0435104,41.296295,37.11111,50.444443,36.333336,-12.555555,27.444445,-14.888889,50.444443,0.28055963,-2.0375679,0
86,193,9,0,0,3.2777793,1.6521593,2.222222,1.8094397,61.407406,53.666668,76.55556,54,-23.222221,45.444443,-22.222221,76.55556,0.29957896,-2.1093748,0
20,189,9,0,0,1.7222229,1.7518526,2.666667,3.822227,34.11111,30.11111,42.77778,29.444445,-12,26,-14,42.77778,0.30988368,-2.0442774,0
98,144,9,0,0,0.22222221,0.029629648,0.33333334,0.08888887,1,0,3,0,-3,6,-3,3,1,-2.0943952,0
94,136,9,0,0,0.22222225,0.029629637,0.22222225,0.029629637,2.5555556,1,5.7777777,0.8888889,-4.6666665,9.666667,-5,5.7777777,0.84708995,-2.0712416,0
64,196,9,0,0,2.6666667,2.3758044,3.4444447,2.2770991,49.88889,44.333332,61.444443,43.88889,-16.666666,34.666668,-18,61.444443,0.2899971,-2.0638638,0
66,155,9,0,0,3.722222,21.796297,7.722223,71.574066,8.259259,5.888889,12.666667,6.2222223,-7.111111,13.222222,-6.111111,12.666667,0.3006237,-2.1476219,0
250,176,9,0,0.11111111,1.611112,1.0628399,3.444444,1.6953092,53.666668,47.11111,67.66667,46.22222,-19.666666,42,-22.333334,67.66667,0.3181372,-2.0522583,0
83,83,9,0.11111111,0,0.7777786,0.7851843,1.666666,3.1111119,49.851852,46,59.555557,44,-11.555555,29.11111,-17.555555,59.555557,0.26060534,-1.958524,0
202,140,9,0,0,0.72222215,0.49065349,0.44444445,0.34426528,1.037037,0.7777778,1.8888888,0.44444445,-0.7777778,2.5555556,-1.7777778,1.8888888,0.8148148,-1.8388771,0
172,138,9,0,0,2.4444444,10.074077,7.8333335,49.633343,12.185185,8.222222,19.222221,9.111111,-11.888889,21.11111,-9.222222,19.222221,0.6152501,-2.172099,0
227,44,9,0.11111111,0,0.55555534,0.403687,1.6111094,0.99814636,47.814816,42.88889,58,42.555557,-14.777778,30.555555,-15.777778,58,0.27198678,-2.0704656,0
129,188,9,0,0,3.6666667,2.0110817,4.6111107,2.4075518,61.074074,53.77778,76,53.444443,-21.88889,44.77778,-22.88889,76,0.30013013,-2.0790954,0
41,75,9,0,0.11111111,15.388889,19.136257,26.611113,31.71359,55,47.444443,65.44444,52.11111,-22.666666,31.333334,-8.666667,65.44444,0.29780185,-2.3567543,0
89,195,9,0.11111111,0,2.7222226,1.8668653,3.1666667,1.8226969,61.74074,55.11111,76.55556,53.555557,-19.88889,44.444443,-24.555555,76.55556,0.30023456,-2.020938,0
198,127,9,0,0,2.4444444,4.385187,8.555555,59.54075,40.74074,38,48.22222,36,-8.222222,22.444445,-14.222222,48.22222,0.24899939,-1.9083478,0
4,201,9,0,0.22222222,2.722222,1.6788458,5.2222214,3.1245742,53.703705,47.11111,67.22222,46.77778,-19.777779,40.555557,-20.777779,67.22222,0.30885938,-2.0752265,0
128,140,9,0,0,7.8333335,7.032464,0.6666667,0.29814258,27.666666,24.88889,33.555557,24.555555,-8.333333,17.666666,-9.333333,33.555557,0.26620623,-2.0538902,0
208,154,9,0,0.11111111,11.666667,125.8667,0.94444424,0.68518424,8.703704,5.888889,13.888889,6.3333335,-8.444445,15.555555,-7.111111,13.888889,0.77151674,-2.0669158,0
250,131,9,0,0,0,0,0,0,0,0,0,0,0,0,0,0,0,0,0
203,93,9,0,0,2.6666667,6.4444437,3.4444444,11.674076,6.7777777,3.2222223,11.888889,5.2222223,-10.666667,15.333333,-4.6666665,11.888889,0.7601911,-2.332766,0
95,97,9,0,0,0.611111,0.534027,0.7777774,0.45541978,19.592592,15.333333,27.777779,15.666667,-12.777778,24.555555,-11.777778,27.777779,0.4474942,-2.121346,0
88,180,9,0,0,1.4999994,0.93689823,3.833332,2.888675,50.407406,45.22222,62.333332,43.666668,-15.555555,35.77778,-20.222221,62.333332,0.3009182,-2.0087192,0
102,179,9,0.11111111,0,1.8333334,1.5311582,2.4444447,1.8816848,49.185184,44.88889,59.77778,42.88889,-12.888889,31.777779,-18.88889,59.77778,0.28268683,-1.970398,0
237,137,9,0,0,0.38888887,0.1074074,0.33333334,0.04444445,0.6666667,0,2,0,-2,4,-2,2,1,-2.0943952,0
167,53,9,0,0,1.2777773,0.4906541,0.9444434,0.389682,40.444443,36.88889,48.666668,35.77778,-10.666667,24.666666,-14,48.666668,0.2645635,-2.0045598,0
18,123,9,0,0,0.72222227,0.86296284,0.6111111,0.41851848,1.074074,0.11111111,2.6666667,0.44444445,-2.8888888,4.7777777,-1.8888888,2.6666667,0.9814815,-2.1692097,0
45,89,9,0,0,0.7777777,0.3407409,0.77777773,0.47407398,2.2962964,0.11111111,6.4444447,0.33333334,-6.5555553,12.444445,-5.888889,6.4444447,0.9861111,-2.1239047,0
39,138,9,0,0,1.1111107,0.50184846,2.3888893,1.638653,54.62963,49.11111,66.77778,48,-16.555555,36.444443,-19.88889,66.77778,0.28091076,-2.0296564,0
28,188,9,0,0,1.4444441,1.4962955,5.111111,19.007412,29.962963,26.88889,36.444443,26.555555,-9.222222,19.444445,-10.222222,36.444443,0.2758629,-2.083566,0
90,116,9,0,0,1.277778,0.85418403,1.3333336,1.1352925,18.74074,11.777778,29.555555,14.888889,-20.88889,32.444443,-11.555555,29.555555,0.5961039,-2.2599666,0
17,98,9,0.11111111,0,0.72222215,0.71232533,0.6666667,0.73029673,1.5185186,0.33333334,2.8888888,1.3333334,-3.5555556,4.111111,-0.5555556,2.8888888,0.9166667,-2.4238,0
170,113,9,0,0,2.833333,0.62360847,1.222222,0.68853045,28.333334,24.333334,34.88889,25.777779,-12,19.666666,-7.6666665,34.88889,0.30207062,-2.2362506,0
10,190,9,0,0,2.6666672,6.977775,2.5000007,2.6555543,32.962963,29.333334,41.11111,28.444445,-10.888889,24.444445,-13.555555,41.11111,0.30570525,-2.020042,0
148,192,9,0.11111111,0,4.0000005,2.1807232,4.944445,3.866763,58.11111,51.77778,72,50.555557,-19,41.666668,-22.666666,72,0.2993077,-2.0340476,0
45,111,9,0,0,0.49999967,0.34960282,0.9999998,0.7888104,16.11111,12.222222,23.777779,12.333333,-11.666667,23,-11.333333,23.777779,0.4898966,-2.1006706,0
81,122,9,0,0.11111111,7.388889,64.95186,4.8333335,42.255566,6.6296296,3.3333333,11.333333,5.2222223,-9.888889,14.111111,-4.2222223,11.333333,0.8093314,-2.3490174,0
182,186,9,0.11111111,0,3.666666,2.0439608,1.7777767,1.2412661,48.444443,43.77778,59.88889,41.666668,-14,34.333332,-20.333334,59.88889,0.30452195,-1.9730555,0
172,183,9,0,0,2.8888893,1.6821506,4.0555553,3.0725813,56.333332,50.444443,70,48.555557,-17.666666,41,-23.333334,70,0.30547154,-1.9975766,0
169,66,9,0,0,2.0000007,2.08889,0.94444466,0.41851884,51.592594,47.77778,61.22222,45.77778,-11.444445,28.88889,-17.444445,61.22222,0.25210327,-1.9612544,0
170,62,9,0,0,0,0,0,0,0,0,0,0,0,0,0,0,0,0,0
18,87,9,0,0,1.5555555,1.9626132,1.8888887,1.7469552,2.925926,1.2222222,5.6666665,1.8888888,-5.111111,8.222222,-3.1111112,5.6666665,0.86277056,-2.2294934,0
44,123,9,0,0,1.0555556,0.99629647,1.0000001,0.8444444,1.4814814,0.22222222,3.6666667,0.5555556,-3.7777777,6.5555553,-2.7777777,3.6666667,0.96190476,-2.1617603,0
222,62,9,0,0,0.27777782,0.2509242,0.6666667,0.55777335,6.4074073,4.111111,11.444445,3.6666667,-6.888889,15.111111,-8.222222,11.444445,0.68080807,-2.0341523,0
152,152,9,0,0,0.16666669,0.033333343,2.1111112,4.340741,1.4074074,1,2.4444444,0.7777778,-1.2222222,3.1111112,-1.8888888,2.4444444,0.43915343,-2.000272,0
33,99,9,0,0,1.5555557,1.2590411,2.4444444,1.128749,15.481482,11.222222,23.777779,11.444445,-12.777778,24.88889,-12.111111,23.777779,0.54147977,-2.112503,0
227,69,9,0,0,3.6111114,45.929623,4.333333,36.400005,11.074074,6.888889,16,10.333334,-12.555555,14.777778,-2.2222223,16,0.6042809,-2.4818742,0
164,83,9,0.11111111,0,2.5,6.077768,1.5555559,0.78518397,66.25926,60.22222,79.66667,58.88889,-18.11111,40.22222,-22.11111,79.66667,0.26032928,-2.0277708,0
187,80,9,0,0,1.3333327,0.7111114,1.3333334,0.7111086,40.51852,37.77778,47.666668,36.11111,-8.222222,21.444445,-13.222222,47.666668,0.24472968,-1.942698,0
44,50,9,0,0,1.1666673,0.96032333,1.0555573,0.389682,65.111115,57.333332,80.333336,57.666668,-23.333334,45.666668,-22.333334,80.333336,0.29016516,-2.1077845,0
238,73,9,0,0,2.277776,1.4050171,1.5,0.7817362,43.51852,38.77778,53,38.77778,-14.222222,28.444445,-14.222222,53,0.27433428,-2.0964146,0
31,68,9,0,0,27.944443,203.35188,18.277777,338.64075,47.185184,38.555557,60.11111,42.88889,-25.88889,38.77778,-12.888889,60.11111,0.41303283,-2.3086562,0
113,123,9,0.11111111,0,1.4444441,0.6206331,1.9444441,1.7180963,59.333332,51.88889,73.77778,52.333332,-22.333334,43.333332,-21,73.77778,0.29916364,-2.1119413,0
30,91,9,0,0,3.3888886,6.4629617,3.277778,9.040739,6.259259,2.4444444,12.111111,4.2222223,-11.444445,17.555555,-6.111111,12.111111,0.82302064,-2.2827444,0
168,187,9,0,0,3.5,2.1679482,2.8333333,1.602082,58,52.555557,71.44444,50,-16.333334,40.333332,-24,71.44444,0.29964966,-1.9666711,0
14,136,9,0,0,0,0,0,0,0,0,0,0,0,0,0,0,0,0,0
160,110,9,0,0,0.833333,0.6912145,0.4444437,0.2721654,31.62963,27.222221,39.333336,28.333334,-13.222222,23.11111,-9.888889,39.333336,0.3074441,-2.1872416,0
224,73,9,0,0,1.5,1.2777776,2.3333333,1.0666656,5.814815,2.3333335,10.666667,4.4444447,-10.444445,14.555555,-4.111111,10.666667,0.7899301,-2.3556414,0
187,162,9,0,0,1.500001,1.1444442,11.666667,73.1111,43.22222,36.77778,53.666668,39.22222,-19.333334,31.333334,-12,53.666668,0.30018225,-2.3916814,0
79,104,9,0.11111111,0,0.9444453,0.3740738,1.5,1.0111135,65.296295,59.77778,78,58.11111,-16.555555,38.11111,-21.555555,78,0.25469732,-2.0078323,0
36,145,9,0,0,0.2777778,0.19629629,1.2777778,2.0629628,0.8518519,0.33333334,1.4444444,0.7777778,-1.5555556,1.7777778,-0.22222222,1.4444444,0.25185186,-2.5309503,0
150,152,9,0,0,0.11111108,0.029629618,2.0555556,3.5740747,1.3703704,1,2.3333335,0.7777778,-1.1111112,2.8888888,-1.7777778,2.3333335,0.537037,-2.0073514,0
68,107,9,0.11111111,0,1.111111,3.1407404,1.111111,2.5629632,1.7777778,0.22222222,4.5555553,0.5555556,-4.6666665,8.333333,-3.6666667,4.5555553,0.9814815,-2.146531,0
104,103,9,0.11111111,0,0.94444466,0.5340273,0.6666673,0.59628505,58.88889,52.22222,72.66667,51.77778,-20,41.333332,-21.333334,72.66667,0.28739437,-2.0711336,0
92,121,9,0,0,1.4444445,1.8216802,2.0555556,2.0593057,14.962963,9.555555,23.444445,11.888889,-16.222221,25.444445,-9.222222,23.444445,0.5964221,-2.2353554,0
188,110,9,0,0,0.77777773,0.5185184,0.77777785,0.9629633,4.2222223,2.7777777,7.4444447,2.4444444,-4.3333335,9.666667,-5.3333335,7.4444447,0.67526454,-2.021228,0
39,77,9,0.11111111,0,1.8333334,1.811111,2.388889,0.7740743,7.703704,3.2222223,13.111111,6.7777777,-13.444445,16.222221,-2.7777777,13.111111,0.7620489,-2.4674928,0
239,93,9,0,0,3.444444,13.496301,1.0555555,0.86296237,14.407408,9.888889,22.88889,10.444445,-13.555555,25.444445,-11.888889,22.88889,0.57700235,-2.1374934,0
43,152,9,0,0,1.9444445,1.7074082,1.2222222,0.8296299,1.5185186,1,2.8888888,0.6666667,-1.5555556,4.111111,-2.5555556,2.8888888,0.64867723,-1.9332389,0
170,143,9,0,0,0,0,0,0,0,0,0,0,0,0,0,0,0,0,0
3,106,9,0,0,0.22222222,0.17213261,0.11111111,0.17213261,0.5555556,0,1.6666666,0,-1.6666666,3.3333333,-1.6666666,1.6666666,1,-2.0943952,0
199,97,9,0.11111111,0,2.722222,1.2546208,0.5,0.18257418,47.814816,46,54.11111,43.333332,-5.4444447,18.88889,-13.444445,54.11111,0.1993515,-1.8367767,0
220,111,9,0,0,2.555555,1.6555178,2.2777774,1.5974522,29.592592,25.444445,38.22222,25.11111,-12.444445,25.88889,-13.444445,38.22222,0.34932512,-2.064723,0
93,127,9,0,0,1.1111112,0.83444345,1,0.7888106,3.8148148,1.3333334,6.7777777,3.3333333,-7.4444447,8.888889,-1.4444444,6.7777777,0.8272487,-2.4745617,0
36,189,9,0,0,1.9444441,2.4629607,5.8333335,21.588884,31.37037,28.444445,38,27.666666,-8.777778,19.88889,-11.111111,38,0.2663022,-2.0203454,0
41,77,9,0.11111111,0,1.777778,0.6518514,1.611111,1.5740745,5,1.2222222,10.222222,3.5555556,-11.333333,15.666667,-4.3333335,10.222222,0.8916084,-2.3548815,0
222,145,9,0,0,0,0,0,0,0,0,0,0,0,0,0,0,0,0,0
170,154,9,0,0,0.11111111,0.17213261,0.055555556,0.13608277,0.074074075,0,0.22222222,0,-0.22222222,0.44444445,-0.22222222,0.22222222,0.22222222,-2.0943952,0
156,86,9,0,0,2.2777777,0.38968182,0.27777767,0.250924,20.444445,15.888889,28.555555,16.88889,-13.666667,24.333334,-10.666667,28.555555,0.44469786,-2.1782806,0
59,135,9,0,0,0.16666667,0.18257421,0.055555556,0.13608277,0.4814815,0,1.4444444,0,-1.4444444,2.8888888,-1.4444444,1.4444444,1,-2.0943952,0
45,205,9,0,0,1.9444453,2.1951118,3.333334,2.5298228,50.25926,44.88889,61.77778,44.11111,-16.11111,34.555557,-18.444445,61.77778,0.28757253,-2.0446525,0
210,153,9,0,0,0,0,0,0,0,0,0,0,0,0,0,0,0,0,0
39,124,9,0,0.11111111,5.3333335,4.774935,6.5000005,4.544838,7.5925927,4.111111,12.888889,5.7777777,-10.444445,15.888889,-5.4444447,12.888889,0.7721516,-2.2657473,0
4,126,9,0,0,1.1666673,0.74444556,0.94444466,0.59629667,57.814816,52.333332,70.44444,50.666668,-16.444445,37.88889,-21.444445,70.44444,0.28073832,-2.0060287,0
245,78,9,0.11111111,0,1.888889,1.0074077,4.0555553,5.662962,30.185184,25.11111,40.333336,25.11111,-15.222222,30.444445,-15.222222,40.333336,0.39203387,-2.0666955,0
21,147,9,0.11111111,0,1.9444445,1.6185181,1.3333331,0.8444448,6.259259,5.7777777,8.444445,4.5555553,-1.4444444,6.5555553,-5.111111,8.666667,0.46406928,-1.5843413,0
249,173,9,0.11111111,0,1.6666654,1.6465437,3.6111107,2.1125717,55.185184,48.555557,69.55556,47.444443,-19.88889,43.11111,-23.222221,69.55556,0.32108474,-2.0417202,0
161,73,9,0,0,0.8333333,0.5055238,0.61111003,0.3896817,43.851852,43,48.77778,39.77778,-2.5555556,14.777778,-12.222222,48.77778,0.18437627,-1.7204413,0
254,159,9,0,0,3.5555553,7.54074,14.833333,152.7,36.62963,31.333334,46.22222,32.333336,-15.888889,28.777779,-12.888889,46.22222,0.29484537,-2.316872,0
166,180,9,0,0,1.4444437,1.5851855,7.3333325,45.955563,31.444445,28.666666,37.77778,27.88889,-8.333333,19,-10.666667,37.77778,0.25295278,-2.0210319,0
249,154,9,0,0.11111111,4.2222223,18.162964,1.7222223,3.174073,4.296296,2.5555556,7.6666665,2.6666667,-5.2222223,10.111111,-4.888889,7.6666665,0.8153439,-2.0958126,0
27,112,9,0,0,0.22222222,0.34426522,0.11111113,0.27216557,0.14814815,0,0.44444445,0,-0.44444445,0.8888889,-0.44444445,0.44444445,0.22222222,-2.0943952,0
155,68,9,0,0,3.4444447,3.786917,0.16666667,0.27888665,2.2962964,2.1111112,2.8888888,1.8888888,-0.5555556,1.7777778,-1.2222222,2.8888888,0.11574074,-1.8611541,0
149,163,9,0,0,2.6111107,12.151846,14,48.8889,41.666668,35.444447,51.333332,38.22222,-18.666666,29,-10.333333,51.333332,0.29754734,-2.384441,0
29,78,9,0,0,0.6666654,0.6992061,2.6111107,2.322991,69.74074,59.666668,88.44444,61.11111,-30.222221,56.11111,-25.88889,88.44444,0.32548746,-2.145541,0
189,124,9,0,0,1.2777773,0.9518527,1.2777792,1.3518513,38.592594,35.88889,46.22222,33.666668,-8.111111,22.88889,-14.777778,46.22222,0.27147377,-1.9075019,0
163,68,9,0,0,1.833334,2.21111,1.5555559,0.96296287,56.77778,52,68.22222,50.11111,-14.333333,34.333332,-20,68.22222,0.26505277,-1.9843078,0
9,80,9,0,0,2.9444444,13.751853,16.666666,71.5111,23.62963,17.333334,31.666666,21.88889,-18.88889,24.11111,-5.2222223,31.666666,0.5142537,-2.4315135,0
250,196,9,0,0,1.4999994,1.5018506,2.2777767,1.2186811,47.77778,42.666668,58.77778,41.88889,-15.333333,33,-17.666666,58.77778,0.28913772,-2.0459957,0
151,101,9,0,0,9.611111,6.5367904,0.5,0.34960347,31.185184,27.222221,39.444443,26.88889,-11.888889,24.777779,-12.888889,39.444443,0.32728764,-2.05839,0
96,196,9,0,0,3.4999988,1.2605116,7.3888893,3.6782641,63.51852,56,79.111115,55.444443,-22.555555,46.77778,-24.222221,79.111115,0.30158615,-2.0704408,0
120,102,9,0,0,0.77777797,0.16296387,0.6666667,0.177779,63.48148,56.77778,77.111115,56.555557,-20.11111,40.88889,-20.777779,77.111115,0.26937962,-2.0830433,0
135,104,9,0,0,0.94444466,0.10740852,1.9999994,0.7111114,63.62963,58.22222,76.55556,56.11111,-16.222221,38.77778,-22.555555,76.55556,0.26721877,-1.986567,0
59,87,9,0,0.11111111,11.166667,84.87777,13.222221,70.02964,17.11111,12.222222,23.444445,15.666667,-14.666667,19,-4.3333335,23.444445,0.65204316,-2.4180744,0
190,105,9,0,0,1.8888893,2.2962983,2.166666,1.6777797,45.74074,41.22222,56.333332,39.666668,-13.555555,31.777779,-18.222221,56.333332,0.29599184,-1.9960818,0
188,182,9,0,0,1.611112,0.7428682,4.166666,2.1265519,58,51.88889,72.44444,49.666668,-18.333334,43.333332,-25,72.44444,0.31428084,-1.99159,0
99,156,9,0,0,2.0555556,2.6407394,2.5,5.1888895,21,16.777779,29.222221,17,-12.666667,24.666666,-12,29.222221,0.4313206,-2.1093647,0
145,163,9,0,0,3.1111114,13.496301,18.666666,27.244467,39.444443,34,47.77778,36.555557,-16.333334,25,-8.666667,48.11111,0.28153613,-2.4253242,0
105,69,9,0,0,2.5000012,1.5311582,1.8333327,1.4719604,59.555557,53.444443,73.22222,52,-18.333334,41,-22.666666,73.22222,0.28965253,-2.0228615,0
226,131,9,0,0,0,0,0,0,0,0,0,0,0,0,0,0,0,0,0
104,112,9,0,0,0.6111107,0.25092375,1.0555559,0.71232516,59.148148,52.22222,73.333336,51.88889,-20.777779,42.555557,-21.777779,73.333336,0.29368052,-2.0784628,0
116,125,9,0,0,2.8333333,0.7226492,2.0555546,0.5741333,60.925926,52.555557,76.44444,53.77778,-25.11111,46.555557,-21.444445,76.44444,0.3172057,-2.1450453,0
90,134,9,0,0,0.5555556,0.34074077,1.0555555,0.37407416,2.6666667,1,6.111111,0.8888889,-5,10.333333,-5.3333335,6.111111,0.87610227,-2.0712416,0
75,122,9,0,0,0.72222227,0.24074064,0.8333333,0.38888904,1.5925926,0,4.4444447,0.33333334,-4.7777777,8.555555,-3.7777777,4.4444447,1,-2.1535993,0
25,198,9,0,0,2.8333328,1.3457742,4.1111107,3.3444247,48.703705,42.77778,61,42.333336,-17.777779,36.88889,-19.11111,61,0.30964476,-2.070717,0
163,133,9,0,0,0.111111104,0.17213258,0.2222222,0.2721655,1.5555556,1,3.5555556,0.11111111,-1.6666666,6,-4.3333335,3.5555556,0.9722222,-1.8225629,0
142,99,9,0,0,0.77777797,0.45542175,1.722222,1.3402593,51.88889,51.88889,56,47.77778,0,12.333333,-12.333333,56,0.14661072,-1.5674635,0
98,126,9,0,0,1.0555555,0.71232533,0.9444444,0.49065322,2.7777777,0.5555556,5.2222223,2.5555556,-6.6666665,7.3333335,-0.6666667,5.2222223,0.90899473,-2.5365143,0
14,90,9,0.11111111,0,2.9444447,2.435083,3.3333333,3.211092,5,2.5555556,7.3333335,5.111111,-7.3333335,7,0.33333334,7.3333335,0.7252886,-2.6393893,0
169,131,9,0,0,2.3888886,1.8668654,9.222222,2.1152062,35.703705,30.666666,45.77778,30.666666,-15.111111,30.222221,-15.111111,45.77778,0.33861881,-2.0891855,0
242,57,9,0,0.11111111,2.444444,2.3538773,9.277778,2.7601657,15.37037,11.333333,20.88889,13.888889,-12.111111,16.555555,-4.4444447,20.88889,0.46630767,-2.3706133,0
95,95,9,0,0,0.72222227,0.8185186,1.111111,0.25185192,6.4814816,2.3333335,12.555555,4.5555553,-12.444445,18.222221,-5.7777777,12.555555,0.816909,-2.322295,0
1,81,9,0,0,12.166667,267.45554,9.222222,205.36296,21.333334,14,30.555555,19.444445,-22,27.666666,-5.6666665,30.555555,0.5952822,-2.438409,0
194,183,9,0,0,0.77777797,0.5837306,2.944444,1.625037,54.74074,49.22222,67.77778,47.22222,-16.555555,39.11111,-22.555555,67.77778,0.30312124,-1.9917008,0
204,131,9,0,0,0.11111111,0.17213261,0.11111111,0.17213261,0.22222222,0,0.6666667,0,-0.6666667,1.3333334,-0.6666667,0.6666667,0.6666667,-2.0943952,0
113,132,9,0,0,0.44444442,0.3442652,0.38888887,0.5340273,1.2962962,0,3.4444444,0.44444445,-3.8888888,6.4444447,-2.5555556,3.4444444,1,-2.204847,0
221,69,9,0,0,1.5555553,0.8073722,0.7222226,0.85418403,36.962963,36.666668,40.22222,34,-0.8888889,9.777778,-8.888889,40.22222,0.15409406,-1.6401336,0
210,73,9,0,0,1.3333327,0.96609074,1,0.81649536,42.25926,40.555557,47.333332,38.88889,-5.111111,15.222222,-10.111111,47.333332,0.17822558,-1.8934947,0
230,98,9,0,0,0.38888884,0.15185185,0.38888887,0.06296294,1.4074074,0,4.111111,0.11111111,-4.2222223,8.111111,-3.8888888,4.111111,1,-2.1137195,0
177,181,9,0,0,4.277778,1.7309828,2.555556,1.4857335,60.62963,53.666668,75.66667,52.555557,-20.88889,45.11111,-24.222221,75.66667,0.3069927,-2.0445633,0
253,201,9,0,0,2.9999993,2.6915498,2.8333328,2.3357134,43.962963,39.22222,53.88889,38.77778,-14.222222,29.777779,-15.555555,53.88889,0.2808298,-2.0678604,0
210,153,9,0,0,0,0,0,0,0,0,0,0,0,0,0,0,0,0,0
46,154,9,0.11111111,0,3.1666667,8.21111,1.6111112,1.2185184,6.3703704,9.666667,4.666667,4.7777777,9.888889,-5.111111,-4.7777777,9.666667,0.56192696,-0.0049269386,0
173,152,9,0,0,0,0,0,0,0,0,0,0,0,0,0,0,0,0,0
130,32,9,0,0,1.1111113,1.047041,0.83333397,0.83665866,59.48148,54.22222,70.88889,53.333332,-15.777778,34.22222,-18.444445,70.88889,0.24900064,-2.042422,0
137,163,9,0,0,1.4444441,0.78518575,18.888887,5.5407553,39.296295,33.77778,47.555557,36.555557,-16.555555,24.777779,-8.222222,47.555557,0.28481323,-2.3952131,0
52,82,9,0,0,3.2777786,0.46296388,1.3333334,0.48888907,44.88889,41.555557,53.11111,40,-10,24.666666,-14.666667,53.11111,0.24660505,-1.9717809,0
174,113,9,0,0,2.4999993,1.01111,0.9999997,0.9333328,31.777779,24.444445,43.77778,27.11111,-22,36,-14,43.77778,0.4415065,-2.2388027,0
219,80,9,0,0,1.2777767,0.3296295,0.6666667,0.9333318,39.703705,36.333336,48.22222,34.555557,-10.111111,25.555555,-15.444445,48.22222,0.28296396,-1.9626464,0
247,108,9,0.11111111,0,0.72222215,0.611616,2.1111114,1.9512583,14.518518,11.333333,20.555555,11.666667,-9.555555,18.11111,-8.555555,20.555555,0.4560301,-2.1271605,0
214,143,9,0,0,0.11111113,0.17213261,0.44444442,0.17213264,0.6666667,0.22222222,1.7777778,0,-1.3333334,3.3333333,-2,1.7777778,0.8888889,-1.9869384,0
152,155,9,0,0,0.5,0.61111104,10.777778,131.80739,7.296296,5.3333335,11,5.5555553,-5.888889,11.111111,-5.2222223,11,0.5,-2.115567,0
227,109,9,0,0,1.1666666,0.98319155,0.3888893,0.38968188,21.851852,18.444445,28.777779,18.333334,-10.222222,20.777779,-10.555555,28.777779,0.36714104,-2.0827625,0
186,188,9,0,0,1.8333321,1.2605107,1.9444433,1.2546208,49.962963,45.11111,61.444443,43.333332,-14.555555,34.444443,-19.88889,61.444443,0.29477406,-1.9934397,0
138,188,9,0,0,2.0555565,1.3567389,1.1111113,0.75030893,60.333332,53.555557,74.888885,52.555557,-20.333334,43.666668,-23.333334,74.888885,0.29951125,-2.047211,0
35,135,9,0,0,0.22222225,0.118518546,0.22222225,0.118518546,0.22222222,0,0.6666667,0,-0.6666667,1.3333334,-0.6666667,0.6666667,0.33333334,-2.0943952,0
28,188,9,0,0,1.4444441,1.4962955,5.111111,19.007412,29.962963,26.88889,36.444443,26.555555,-9.222222,19.444445,-10.222222,36.444443,0.2758629,-2.083566,0
240,195,9,0,0,1.8888887,1.1674597,1.8333346,1.709451,48.851852,43.22222,60.666668,42.666668,-16.88889,35.444443,-18.555555,60.666668,0.3003628,-2.0630436,0
64,186,9,0,0,2.166667,1.9444438,6.833334,53.58887,30.777779,27.555555,37.88889,26.88889,-9.666667,21.333334,-11.666667,37.88889,0.27672648,-2.0463068,0
177,33,9,0,0,1.6666666,1.577621,4.3333335,2.9739609,8.740741,6.4444447,13.111111,6.6666665,-6.888889,13.111111,-6.2222223,13.111111,0.547103,-2.0561194,0
178,35,9,0,0,0.4444445,0.34426528,0.3888887,0.25092396,13.481482,10.333334,19.222221,10.888889,-9.444445,17.222221,-7.7777777,19.222221,0.4592879,-2.1533325,0
219,176,9,0,0.11111111,2.1111119,1.857917,5.111111,2.8414931,60.296295,53.333332,75.66667,51.88889,-20.88889,46.11111,-25.222221,75.66667,0.31446242,-2.0306482,0
77,177,9,0,0,1.3333327,1.3333344,2.1666672,1.9748423,48.407406,44.22222,59.333332,41.666668,-12.555555,32.77778,-20.222221,59.333332,0.29743084,-1.9404231,0
119,115,9,0,0.11111111,2.4444444,1.5729189,5,2.9363625,7.5555553,3.5555556,12.888889,6.2222223,-12,16,-4,12.888889,0.7672355,-2.3909924,0
55,80,9,0.11111111,0,1.833333,4.3,1.8333334,1.0999995,7.0740743,2.8888888,12.444445,5.888889,-12.555555,16.11111,-3.5555556,12.444445,0.77528197,-2.4175172,0
227,132,9,0,0,6.666668,1.3824298,1.3333334,1.0110494,38.77778,33.22222,49.22222,33.88889,-16.666666,31.333334,-14.666667,49.22222,0.32576838,-2.1295228,0
102,158,9,0.22222222,0,2.2777774,2.1230664,1.8333334,1.0488074,39.333332,35.555557,47.444443,35,-11.333333,24.333334,-13,47.444443,0.26415184,-2.049172,0
35,107,9,0,0,10.222221,14.967619,9.833333,17.54708,9.518518,7.3333335,12.222222,9,-6.5555553,8.111111,-1.5555556,12.222222,0.6749559,-2.4929647,0
33,114,9,0,0,0.55555516,0.07407411,0.49999985,0.21111098,16.11111,11.777778,24.11111,12.444445,-13,24,-11,24.11111,0.51092404,-2.1490734,0
128,116,9,0,0,0.77777785,0.6962963,0.8333333,0.9222224,1.962963,0.22222222,5,0.6666667,-5.2222223,9.111111,-3.8888888,5,0.9702381,-2.1634343,0
78,201,9,0,0,2.8333333,2.6562307,4.9999995,4.071583,56.444443,51.444443,68.66667,49.22222,-15,36.666668,-21.666666,68.66667,0.28042978,-1.9694558,0
20,122,9,0,0,1.5555547,1.1863433,1.7777773,1.4857366,60.74074,51.555557,78.22222,52.444443,-27.555555,52.444443,-24.88889,78.22222,0.34236288,-2.1284232,0
201,34,9,0,0,4.277778,3.05808,0.44444466,0.4036869,13.740741,9.777778,20.88889,10.555555,-11.888889,21.444445,-9.555555,20.88889,0.5448579,-2.1628716,0
151,89,9,0,0,8.388889,4.577317,0.72222203,0.38968238,31.703703,27.333334,41,26.777779,-13.111111,27.88889,-14.777778,41,0.35127252,-2.0465415,0
68,109,9,0,0,1.5,3.2333333,1.111111,1.8962961,1.962963,0.33333334,4.7777777,0.7777778,-4.888889,8.444445,-3.5555556,4.7777777,0.9691358,-2.146531,0
247,115,9,0,0,3.555556,1.8094409,1.3888897,1.3066785,28.851852,24.88889,36.77778,24.88889,-11.888889,23.777779,-11.888889,36.77778,0.33166277,-2.094392,0
173,152,9,0,0,0.22222221,0.029629616,0.8333333,0.16666685,3.5925925,2.6666667,5.7777777,2.3333335,-2.7777777,6.5555553,-3.7777777,5.7777777,0.59973544,-1.997796,0
6,95,9,0,0,0.7777777,0.6074076,0.3888893,0.06296301,20.185184,15.555555,28.777779,16.222223,-13.888889,25.777779,-11.888889,28.777779,0.45946908,-2.1461854,0
118,133,9,0,0,0.22222221,0.029629631,0.22222221,0.029629631,0.7407407,0,2.2222223,0,-2.2222223,4.4444447,-2.2222223,2.2222223,1,-2.0943952,0
52,33,9,0,0,13.888889,13.024195,0.277778,0.2509246,35.814816,31.333334,45.555557,30.555555,-13.444445,29.222221,-15.777778,45.555557,0.33727008,-2.0304284,0
18,90,9,0,0,1.0555555,0.37407416,0.6666667,0.22222227,2.8148148,0.5555556,6.888889,1,-6.7777777,12.222222,-5.4444447,6.888889,0.9261464,-2.1643226,0
130,145,9,0,0,0,0,0,0,0,0,0,0,0,0,0,0,0,0,0
183,91,9,0,0,2.666667,0.8944272,0.49999985,0.54772246,14.444445,11,21,11.333333,-10.333333,19.666666,-9.333333,21,0.47678283,-2.1284647,0
204,177,9,0,0,1.7777786,10.696298,8.333332,27.333357,32.88889,29,40.666668,29,-11.666667,23.333334,-11.666667,40.666668,0.28108954,-2.1008399,0
142,182,9,0.11111111,0,1.1111113,0.8344437,2.7777774,2.051197,43.62963,40.333336,52.88889,37.666668,-9.888889,27.777779,-17.88889,52.88889,0.28686288,-1.9049777,0
59,139,9,0,0,6.8888893,6.9629517,1.6666666,0.80000025,16.37037,12.444445,23.666666,13,-11.777778,21.88889,-10.111111,23.666666,0.48272505,-2.1182232,0
39,137,9,0,0,0.2222222,0.029629627,0.27777776,0.1074074,1.3703704,0,4.111111,0,-4.111111,8.222222,-4.111111,4.111111,1,-2.0943952,0
198,183,9,0,0,1.0555547,1.1816497,3.3888881,1.5974506,54.037037,48.88889,66.55556,46.666668,-15.444445,37.555557,-22.11111,66.55556,0.2986217,-1.9749589,0
69,136,9,0,0,3.1111114,2.8100348,2.777778,3.1669588,19.444445,16.88889,25.777779,15.666667,-7.6666665,19,-11.333333,26.666666,0.42529303,-1.6157203,0
98,133,9,0,0,0.5555555,0.17213255,0.38888887,0.3277307,0.962963,0,2.7777777,0.11111111,-2.8888888,5.4444447,-2.5555556,2.7777777,1,-2.123254,0
249,58,9,0,0,1.3333334,0.9428091,0.27777767,0.3277306,8.851851,6,14.555555,6,-8.555555,17.11111,-8.555555,14.555555,0.6077675,-2.0853417,0
45,108,9,0,0.11111111,25.5,12.795401,27.277779,15.930981,49.814816,41.77778,61.11111,46.555557,-24.11111,33.88889,-9.777778,61.11111,0.35897508,-2.3604913,0
108,144,9,0,0,0.38888893,0.15185183,0.22222222,0.07407406,0.962963,0,2.8888888,0,-2.8888888,5.7777777,-2.8888888,2.8888888,1,-2.0943952,0
70,122,9,0,0,3.6666667,4.033196,4.111111,3.7810435,19.88889,17.88889,25.11111,16.666668,-6,15.666667,-9.666667,26.444445,0.40249237,-1.5402138,0
172,140,9,0,0,3,0.42163622,0.6666666,0.42163697,3.2222223,2.6666667,5,2,-1.6666666,5.3333335,-3.6666667,5,0.65608466,-1.8531612,0
105,193,9,0,0,3.222222,1.9051597,2.8888893,2.1773255,60.11111,53.11111,75.111115,52.11111,-21,45,-24,75.111115,0.30846536,-2.047766,0
233,159,9,0,0,2.4999998,0.5222224,1.2777778,1.5740741,6.6296296,5.111111,10.111111,4.666667,-4.5555553,10.444445,-5.888889,10.111111,0.5416667,-1.9994432,0
185,186,9,0,0,2.1666667,1.8589127,2.9999993,1.3498974,48.22222,44,58.88889,41.77778,-12.666667,32,-19.333334,58.88889,0.29042712,-1.9560229,0
54,138,9,0,0,0.22222221,0.29629624,0.38888893,0.4185185,0.25925925,0,0.6666667,0.11111111,-0.7777778,1.2222222,-0.44444445,0.6666667,0.33333334,-2.1814387,0
215,123,9,0,0,0.33333334,0.13333334,0.6666667,0.0444444,1.3703704,0,3.7777777,0.33333334,-4.111111,7.2222223,-3.1111112,3.7777777,1,-2.1698651,0
227,196,9,0,0,2.6111114,2.360949,3.5555565,1.6953094,47.185184,42.11111,58.22222,41.22222,-15.222222,33.11111,-17.88889,58.22222,0.2924689,-2.0394914,0
140,125,9,0,0,0.66666657,0.22222227,2.6666667,3.7777781,3.925926,1.5555556,7.7777777,2.4444444,-7.111111,11.555555,-4.4444447,7.7777777,0.85319865,-2.2342408,0
188,73,9,0,0,1.0555553,0.9289579,2.2777786,1.9935083,40.185184,35.666668,49.77778,35.11111,-13.555555,28.777779,-15.222222,49.77778,0.2970959,-2.0549638,0
119,196,9,0,0,2.666666,2.1499357,1.3888893,1.35674,53.333332,47.333332,65.66667,47,-18,37,-19,65.66667,0.2935857,-2.0791848,0
197,121,9,0,0,21.666666,17.3628,0.94444436,0.9047208,41.037037,37.444443,49.444443,36.22222,-10.777778,25.222221,-14.444445,49.444443,0.28057775,-1.9955361,0
213,86,9,0,0,0.833333,0.18257454,0.3888887,0.3277307,17.148148,13.222222,24.666666,13.555555,-11.777778,22.555555,-10.777778,24.666666,0.46348011,-2.123611,0
205,177,9,0,0,2.8333347,9.633328,8.499999,17.366692,32.444443,28.444445,40.333336,28.555555,-12,23.666666,-11.666667,40.333336,0.296365,-2.121237,0
241,135,9,0,0,0.22222225,0.029629627,0.16666667,0.07777778,0.14814815,0,0.44444445,0,-0.44444445,0.8888889,-0.44444445,0.44444445,0.33333334,-2.0943952,0
32,173,9,0,0,1.7222217,1.7815932,9,6.749488,43.592594,39.555557,52.88889,38.333336,-12.111111,27.88889,-15.777778,52.88889,0.26691392,-1.9988575,0
107,146,9,0,0,1.888889,1.0074077,2.111111,1.3185171,21.37037,16.777779,29.666666,17.666668,-13.777778,24.88889,-11.111111,29.666666,0.43278608,-2.1649706,0
218,115,9,0,0,0.944444,0.5340271,0.38888898,0.38968194,22.962963,19.444445,29.444445,20,-10.555555,19.444445,-8.888889,29.444445,0.33914888,-2.1486697,0
50,199,9,0,0,3.2222226,2.9789395,5.611111,4.6159945,55.666668,49.11111,69.77778,48.11111,-19.666666,42.333332,-22.666666,69.77778,0.31241447,-2.0454311,0
56,107,9,0,0,1.1111107,0.20740713,4.722223,20.196299,49.814816,46.22222,58.333332,44.88889,-10.777778,25.555555,-14.777778,58.333332,0.23045462,-1.9914447,0
67,136,9,0,0,6.722223,3.7083488,2.6666667,3.1972213,15.518518,9,25.333334,12.222222,-19.555555,29.444445,-9.888889,25.333334,0.66081303,-2.3075109,0
122,123,9,0,0,0.6111111,0.374074,0.49999997,0.21111104,1.1851852,0,3.3333333,0.22222222,-3.5555556,6.4444447,-2.8888888,3.3333333,1,-2.142674,0
211,107,9,0.11111111,0,2.5555556,2.251853,2.0555558,2.818519,16.74074,11.777778,25.777779,12.666667,-14.888889,27.11111,-12.222222,25.777779,0.5471734,-2.1594636,0
63,19,9,0,0,2.4444447,1.1863403,1.4444447,0.8861062,45.185184,38,58.77778,38.77778,-21.555555,40.77778,-19.222221,58.77778,0.35522667,-2.1336765,0
21,123,9,0,0,0.88888836,0.38518608,1,0.3555552,19.296297,15.666667,26.333334,15.888889,-10.888889,21.11111,-10.222222,26.333334,0.4089133,-2.1157336,0
199,120,9,0,0,3.4999998,4.077776,8.333333,53.95558,39.333332,35.444447,47.77778,34.77778,-11.666667,25.333334,-13.666667,47.77778,0.2727516,-2.0467525,0
32,95,9,0,0,1.2777776,1.0407408,2.2222223,3.096295,3.148148,0.7777778,7.4444447,1.2222222,-7.111111,12.888889,-5.7777777,7.4444447,0.9195971,-2.1519582,0
38,189,9,0,0,1.0000006,0.22222213,6.222223,33.3185,29.074074,26.333334,35.22222,25.666666,-8.222222,18.444445,-10.222222,35.22222,0.2712077,-2.0491476,0
62,202,9,0,0,2.555556,1.7083669,1.4999994,1.1303879,60.48148,53.666668,74.888885,52.88889,-20.444445,43.22222,-22.777779,74.888885,0.2978795,-2.0606136,0
119,153,9,0,0,5.0555553,5.539421,0.055555504,0.13608263,3.3703704,3,3.8888888,3.2222223,-1.1111112,1.5555556,-0.44444445,3.8888888,0.08501683,-2.2217164,0
49,139,9,0,0,0.16666669,0.07777779,0.33333337,0.0888889,0.44444445,0,1.3333334,0,-1.3333334,2.6666667,-1.3333334,1.3333334,0.7777778,-2.0943952,0
180,141,9,0,0,0.055555563,0.13608278,0.055555556,0.13608277,0.037037037,0,0.11111111,0,-0.11111111,0.22222222,-0.11111111,0.11111111,0.11111111,-2.0943952,0
225,36,9,0,0,0.44444457,0.27216554,0.38888893,0.3277307,7.9259257,5,13.666667,5.111111,-8.777778,17.222221,-8.444445,13.666667,0.63492066,-2.1073034,0
189,184,9,0,0.11111111,1.666666,0.84327394,2.7777774,2.0073938,50.592594,45.88889,62.333332,43.555557,-14.111111,35.22222,-21.11111,62.333332,0.30094525,-1.9644797,0
112,38,9,0,0,11.055554,11.074329,1.111112,1.0680542,64.62963,58.22222,78.44444,57.22222,-19.222221,41.444443,-22.222221,78.44444,0.27165923,-2.0388238,0
93,195,9,0,0,1.833334,1.2064636,4.0555553,2.1230652,61.592594,54.666668,76.66667,53.444443,-20.777779,45.22222,-24.444445,76.66667,0.30559286,-2.0371156,0
40,17,9,0,0,1.2777761,0.95258045,1.4444453,1.1088861,70.51852,62.444443,86.55556,62.555557,-24.222221,48.11111,-23.88889,86.55556,0.28623843,-2.098521,0
156,49,9,0,0,1.0555547,0.57413435,1.2222208,0.54433155,38.037037,35.666668,44.11111,34.333336,-7.111111,18.222221,-11.111111,44.11111,0.22118697,-1.949745,0
244,108,9,0,0,6.5,5.1022863,1.7222223,0.827759,23.703703,20,30.444445,20.666668,-11.111111,20.222221,-9.111111,30.444445,0.36533174,-2.1543908,0
20,134,9,0,0,0.6666667,0.088888995,0.61111116,0.24074072,2.9629629,1.1111112,6.4444447,1.3333334,-5.5555553,10.444445,-4.888889,6.4444447,0.8292328,-2.133095,0
34,13,9,0,0,0.22222011,0.17213097,1.5555534,0.54433,70.37037,60.666668,88.111115,62.333332,-29.11111,53.22222,-24.11111,88.111115,0.3114367,-2.1549888,0
185,188,9,0,0,1.7777767,1.1287484,1.9999994,1.2472184,50.185184,45,62.11111,43.444443,-15.555555,35.77778,-20.222221,62.11111,0.3004298,-2.0073802,0
160,187,9,0.11111111,0,2.6111119,1.9369694,5.1111107,3.5381508,49.48148,44.666668,60.88889,42.88889,-14.444445,34.22222,-19.777779,60.88889,0.2973408,-1.9906267,0
109,130,9,0,0,1.111111,0.7407405,9.777778,21.762964,13.037037,9.888889,18.88889,10.333334,-9.444445,17.555555,-8.111111,18.88889,0.5481241,-2.1373706,0
219,133,9,0,0,0.8333333,0.30000052,0.44444466,0.029629659,9.851851,6.2222223,16.666668,6.6666665,-10.888889,20.444445,-9.555555,16.666668,0.62726945,-2.1387432,0
23,129,9,0,0,0.5,0.077777795,0.38888887,0.15185186,0.5185185,0,1.5555556,0,-1.5555556,3.1111112,-1.5555556,1.5555556,0.7777778,-2.0943952,0
118,182,9,0.11111111,0,1.777778,1.293861,2.500002,1.42595,45,41.666668,54.333332,39,-10,28,-18,54.333332,0.28187475,-1.9106771,0
178,25,9,0,0,0.7222214,0.32773143,1.5555559,1.2412641,44.814816,39.555557,55,39.88889,-15.777778,30.555555,-14.777778,55,0.2845817,-2.1188104,0
123,94,9,0,0,0.50000066,0.07777796,0.8333333,0.033333335,21.444445,16.88889,30.444445,17,-13.666667,27,-13.333333,30.444445,0.4521822,-2.1009657,0
253,192,9,0,0,2.1666667,2.0083156,2.5555553,1.5444032,47.51852,42.333336,59.22222,41,-15.555555,35.11111,-19.555555,59.22222,0.3074729,-2.020234,0
75,113,9,0,0.11111111,2.944445,4.1226563,6.1666665,6.2245026,27.88889,17.11111,44.22222,22.333334,-32.333332,49,-16.666666,44.22222,0.62207055,-2.2966495,0
110,196,9,0,0.11111111,3.666666,1.8618978,6.888888,4.8610306,52.48148,46.88889,65,45.555557,-16.777779,37.555557,-20.777779,65,0.29762968,-2.0225987,0
133,182,9,0,0,2.5000012,5.4555516,8.666666,71.24447,29.777779,27.222221,35.444447,26.666666,-7.6666665,17,-9.333333,35.88889,0.25607783,-2.2177355,0
242,81,9,0,0,22.388887,189.44075,15.166667,110.8778,41.925926,33.11111,55.555557,37.11111,-26.444445,40.88889,-14.444445,55.555557,0.42017567,-2.2744606,0
174,115,9,0,0,2.444444,3.407407,3.6666663,12.266669,29.481482,23.11111,40.11111,25.222221,-19.11111,31.88889,-12.777778,40.11111,0.42149335,-2.2186553,0
121,120,9,0,0,0.9444445,0.250924,0.72222215,0.8798147,3.5185184,1.1111112,6.5555553,2.8888888,-7.2222223,9.111111,-1.8888888,6.5555553,0.8399471,-2.4337952,0
208,34,9,0,0,1.7222224,1.7309811,0.4444445,0.50184834,14.444445,10.777778,21,11.555555,-11,19.666666,-8.666667,21,0.479958,-2.1623826,0
233,124,9,0.11111111,0,2.1111114,1.5006171,2.0555553,0.49065465,40.925926,35.77778,51.444443,35.555557,-15.444445,31.555555,-16.11111,51.444443,0.31709695,-2.0769668,0
173,93,9,0,0,0,0,0,0,0,0,0,0,0,0,0,0,0,0,0
223,141,9,0.11111111,0,2.111111,1.8074076,0.7777777,0.16296323,9.851851,6,16.555555,7,-11.555555,20.11111,-8.555555,16.555555,0.6402237,-2.191662,0
137,105,9,0,0.11111111,10.722224,16.507421,31.222223,650.42957,42.851852,35.77778,52.666668,40.11111,-21.222221,29.444445,-8.222222,52.666668,0.37578005,-2.380238,0
202,129,9,0,0,0.22222225,0.54433113,3.4444447,3.804481,2.2962964,2.4444444,2.5555556,1.8888888,0.44444445,0.7777778,-1.2222222,2.6666667,0.09656084,-1.1013936,0
191,107,9,0,0,2.0555553,1.5263124,10.333333,3.0110908,29.222221,26.88889,35.88889,24.88889,-7,20,-13,35.88889,0.31155226,-1.8771589,0
104,137,9,0,0,0.2777778,0.1518518,0.2777778,0.1518518,3.7037036,2.1111112,7.111111,1.8888888,-4.7777777,10.222222,-5.4444447,7.111111,0.7319224,-2.0584507,0
190,186,9,0,0.11111111,2.722222,2.2451591,6.0555553,2.8159592,50.074074,45.666668,60.22222,44.333332,-13.222222,30.444445,-17.222221,60.22222,0.26619545,-2.0288115,0
229,104,9,0,0,0.49999985,0.54772234,2.8333333,2.0412421,19.777779,16.333334,26.11111,16.88889,-10.333333,19,-8.666667,26.11111,0.37553233,-2.1506376,0
33,132,9,0.11111111,0,1.0555555,0.99814653,1.7222222,0.99814636,1.962963,0.6666667,4.2222223,1,-3.8888888,6.7777777,-2.8888888,4.2222223,0.6768879,-2.1524317,0
163,152,9,0,0,0,0,0,0,0,0,0,0,0,0,0,0,0,0,0
252,195,9,0,0,2.6111119,2.091428,3.722222,2.2052138,47.666668,42.444443,58.77778,41.77778,-15.666667,33.333332,-17.666666,58.77778,0.28878826,-2.0516715,0
103,125,9,0,0,0.9444445,0.82775915,0.83333343,0.6912146,1.7777778,0.44444445,3.8888888,1,-4,6.3333335,-2.3333333,3.8888888,0.9238095,-2.2375617,0
42,133,9,0,0,1.1666667,1.9061303,2.7222223,3.1581755,2.7037036,1.2222222,5,1.8888888,-4.4444447,6.888889,-2.4444444,5,0.8606061,-2.208419,0
228,91,9,0,0,0.72222227,0.1962963,1.1111112,0.38518512,2.6296296,0.44444445,6.2222223,1.2222222,-6.5555553,10.777778,-4.2222223,6.2222223,0.9398148,-2.2257352,0
127,81,9,0,0,24.33333,442.17786,22.111109,263.09634,42.555557,34.88889,51.77778,41,-23,27.666666,-4.6666665,51.77778,0.3669463,-2.476481,0
235,196,9,0,0,1.6666666,1.333334,2.222222,1.1482682,47.25926,41.77778,58.555557,41.444443,-16.444445,33.88889,-17.444445,58.555557,0.29423782,-2.0746155,0
161,89,9,0,0,4.6666665,5.1164227,0.16666682,0.27888685,3.1111112,2.8888888,3.7777777,2.6666667,-0.6666667,2,-1.3333334,3.7777777,0.0976431,-1.8904839,0
239,160,9,0,0,1.8333334,0.9222209,5.944443,4.5962973,45.148148,37.88889,58.333332,39.22222,-21.777779,39.555557,-17.777779,58.333332,0.35212588,-2.1629994,0
58,128,9,0.11111111,0,2.9444447,1.75647,2.4444444,1.6821501,16.481482,10.111111,25.88889,13.444445,-19.11111,28.222221,-9.111111,25.88889,0.6133847,-2.3163002,0
184,91,9,0,0,1.222222,0.38518563,0.3888893,0.10740757,24.074074,17.777779,34.88889,19.555555,-18.88889,32.444443,-13.555555,34.88889,0.48999,-2.2024248,0
214,161,9,0,0,3.7222223,0.72963357,11.5,18.922234,40.444443,35.333336,49.666668,36.333336,-15.333333,27.666666,-12.333333,49.666668,0.29805613,-2.198939,0
20,70,9,0,0,11.499999,8.767999,7.944445,6.9166985,18.592592,13.666667,23.88889,18.222221,-14.777778,15.888889,-1.1111112,23.88889,0.47688422,-2.5891109,0
6,118,9,0,0,0.055555563,0.13608278,0.055555563,0.13608278,0.037037037,0,0.11111111,0,-0.11111111,0.22222222,-0.11111111,0.11111111,0.11111111,-2.0943952,0
252,201,9,0,0,4.6111107,5.495115,5.5555553,5.795274,40.296295,35.77778,49,36.11111,-13.555555,26.11111,-12.555555,49,0.2753682,-2.1758256,0
209,70,9,0,0.11111111,2.222223,1.8216797,8.777778,3.4619644,36.74074,33.666668,44.444443,32.11111,-9.222222,23.11111,-13.888889,44.444443,0.27335805,-1.9605819,0
231,124,9,0,0,3.4444447,14.962965,1.8333334,6.4333353,3,1.4444444,5.888889,1.6666666,-4.6666665,8.666667,-4,5.888889,0.895369,-2.118937,0
76,200,9,0,0,2.7777786,0.77936363,4.3333325,2.8828998,56.37037,50.444443,69.66667,49,-17.777779,39.88889,-22.11111,69.66667,0.29683578,-2.0211716,0
47,127,9,0,0,1.166667,0.9603239,1.0555559,0.49065298,17.592592,9,30.11111,13.666667,-25.777779,37.555557,-11.777778,30.11111,0.70147634,-2.326275,0
17,94,9,0,0,1.7222223,3.174073,1.0555557,0.9518536,20.037037,15.777778,28.666666,15.666667,-12.777778,25.88889,-13.111111,28.666666,0.45777184,-2.0842547,0
140,124,9,0,0,1,0.44444454,1.1111112,1.0518516,2.5185184,0.22222222,6.111111,1.2222222,-6.888889,10.777778,-3.8888888,6.111111,0.97376543,-2.267462,0
140,73,9,0,0,1.7222214,0.8277598,0.7777774,1.0036957,46.296295,45.666668,51.11111,42.11111,-1.8888888,14.444445,-12.555555,51.11111,0.1761556,-1.6815889,0
155,135,9,0,0,2.3888867,3.2629583,0.83333206,0.122224174,69.92593,63.666668,83.888885,62.22222,-18.777779,41.88889,-23.11111,83.888885,0.25830337,-2.0249448,0
123,152,9,0,0,0,0,0,0,0,0,0,0,0,0,0,0,0,0,0
231,124,9,0,0,3.4444447,14.962965,1.8333334,6.4333353,3,1.4444444,5.888889,1.6666666,-4.6666665,8.666667,-4,5.888889,0.895369,-2.118937,0
185,110,9,0,0,18.444445,375.09625,1.2777773,0.59629697,50.666668,46.11111,60.444443,45.444443,-13.666667,29.333334,-15.666667,60.444443,0.24925283,-2.0325177,0
106,136,9,0,0,0.3333333,0.17777778,0.38888887,0.1074074,0.7037037,0.11111111,1.8888888,0.11111111,-1.7777778,3.5555556,-1.7777778,1.8888888,0.962963,-2.0943952,0
87,196,9,0.11111111,0,1.3333321,0.8692278,2.222222,1.6688869,61.592594,55,75.66667,54.11111,-19.777779,42.22222,-22.444445,75.66667,0.28752622,-2.0487363,0
100,115,9,0.11111111,0,0.77777785,0.16296305,0.7222223,0.32962963,2.7407408,0.33333334,6.2222223,1.6666666,-7.2222223,10.444445,-3.2222223,6.2222223,0.9543651,-2.3218653,0
228,123,9,0,0,0.16666667,0.077777766,0.4444444,0.20740741,0.7037037,0,2,0.11111111,-2.1111112,3.8888888,-1.7777778,2,1,-2.123254,0
86,136,9,0,0,3.888889,4.193469,2.111111,2.3913426,12.185185,6.6666665,20.88889,9,-16.555555,26.11111,-9.555555,20.88889,0.6957549,-2.268991,0
37,165,9,0,0,2.388889,8.1074,16.444445,23.89629,35.814816,30.777779,42.88889,33.77778,-15.111111,21.222221,-6.111111,42.88889,0.2736466,-2.470153,0
134,187,9,0,0,1.8888887,1.5153537,2.1111114,1.7847083,59.37037,52.666668,74.111115,51.333332,-20.11111,44.22222,-24.11111,74.111115,0.30745777,-2.03348,0
226,72,9,0,0,1.2777778,0.81851846,1.3888888,1.4407405,4.5185184,1.5555556,9.444445,2.5555556,-8.888889,14.777778,-5.888889,9.444445,0.84168977,-2.2167206,0
34,93,9,0,0,0.55555564,0.2721653,0.3888887,0.38968167,14.814815,10.444445,23.444445,10.555555,-13.111111,25.88889,-12.777778,23.444445,0.55917877,-2.102707,0
221,30,9,0,0,1.0555556,0.8541837,1.6666666,1.6329935,8.481482,6.111111,13.111111,6.2222223,-7.111111,13.888889,-6.7777777,13.111111,0.5185864,-2.05997,0
118,21,9,0,0,4.8333344,4.5740814,1.277778,1.0628413,65.888885,59.333332,79.22222,59.11111,-19.666666,40,-20.333334,79.22222,0.2570597,-2.072158,0
128,144,9,0,0,0,0,0,0,0,0,0,0,0,0,0,0,0,0,0
139,109,9,0,0,0.88888866,0.8344436,0.277778,0.38968176,29.407408,24.777779,37.11111,26.333334,-13.888889,23.11111,-9.222222,37.11111,0.33195418,-2.226161,0
134,93,9,0,0,0.38888898,0.25092435,0.88888866,0.5443307,20.925926,16.666668,29.555555,16.555555,-12.777778,25.88889,-13.111111,29.555555,0.44337976,-2.0860834,0
189,141,9,0,0,0,0,0,0,0,0,0,0,0,0,0,0,0,0,0
214,194,9,0,0,1.222222,1.0255985,3.2222226,1.6953099,45.074074,40.22222,55.444443,39.555557,-14.555555,31.11111,-16.555555,55.444443,0.29197225,-2.0469983,0
165,119,9,0,0,1.0555553,1.5740752,1.4444441,0.829629,29.481482,23.222221,40.333336,24.88889,-18.777779,32.555557,-13.777778,40.333336,0.42571348,-2.1877813,0
133,102,9,0,0.11111111,22.055555,374.5964,29.888887,488.02975,44.037037,37.444443,52.666668,42,-19.777779,25.88889,-6.111111,52.666668,0.3978916,-2.4168172,0
103,130,9,0,0,0.33333334,0,0.27777776,0.38968173,0.7777778,0,2.3333335,0,-2.3333333,4.6666665,-2.3333333,2.3333335,1,-2.0943952,0
158,76,9,0,0,0.833333,0.65828085,3.277778,3.065339,34.851852,31.88889,42,30.666666,-8.888889,21.444445,-12.555555,42,0.2703099,-1.9814991,0
134,194,9,0,0,2.6111107,1.218682,5.222222,4.435546,58.962963,52.88889,71.55556,52.444443,-18.222221,37.77778,-19.555555,71.55556,0.27344358,-2.0818913,0
235,195,9,0,0,1.8888887,2.0940824,2.9999988,1.7384534,48.333332,42.77778,59.666668,42.555557,-16.666666,34,-17.333334,59.666668,0.29058507,-2.0810955,0
131,144,9,0,0,0,0,0,0,0,0,0,0,0,0,0,0,0,0,0
85,124,9,0,0,1.2222227,0.93491936,2.3888893,1.6788442,14.666667,7.5555553,24.11111,12.333333,-21.333334,28.333334,-7,24.11111,0.6911226,-2.3966818,0
233,97,9,0,0,0.38888887,0.19629626,0.5555555,0.20740739,2.1111112,0.11111111,5.5555553,0.6666667,-6,10.333333,-4.3333335,5.5555553,0.984127,-2.1913822,0
240,192,9,0,0,2.3888881,0.6469305,4.3888893,2.3796992,45.962963,40.555557,58.11111,39.22222,-16.222221,36.444443,-20.222221,58.11111,0.32560807,-2.0165784,0
52,102,9,0,0,0.72222227,0.50740725,0.8333333,0.5666668,2.8888888,0.6666667,6.3333335,1.6666666,-6.6666665,10.333333,-3.6666667,6.3333335,0.89973545,-2.2617195,0
93,67,9,0,0,1.7222208,1.3891102,1.4999994,1.1879022,60.74074,53,75.888885,53.333332,-23.222221,45.444443,-22.222221,75.888885,0.303044,-2.109804,0
186,12,9,0,0,0.44444433,0.27216548,2.3333333,1.9663839,6.259259,3.8888888,11.333333,3.5555556,-7.111111,15.222222,-8.111111,11.333333,0.6873016,-2.057978,0
226,110,9,0,0,0.33333334,0.08888887,0.49999997,0.2111111,1.6666666,0.11111111,4.4444447,0.44444445,-4.6666665,8.333333,-3.6666667,4.4444447,0.9777778,-2.1559837,0
47,96,9,0,0,0.94444466,0.5741338,0.8333333,0.75277233,61.925926,54.444443,77,54.333332,-22.444445,45.22222,-22.777779,77,0.29722086,-2.0891051,0
41,101,9,0,0,1.7222214,0.9289575,2.0555542,1.5551577,64.37037,56.88889,79.44444,56.77778,-22.444445,45.22222,-22.777779,79.44444,0.28936154,-2.0895698,0
249,178,9,0,0,2.277778,1.7690756,5.2222214,4.933632,47.962963,42.666668,58.88889,42.333336,-15.888889,32.77778,-16.88889,58.88889,0.2898632,-2.102536,0
214,195,9,0,0,0.8333333,0.6582802,2,0.9660913,46.555557,41.11111,57.333332,41.22222,-16.333334,32.333332,-16,57.333332,0.2902986,-2.1013772,0
221,154,9,0.11111111,0.11111111,4.2222223,2.740737,1.2777778,0.5962961,6.4814816,4.3333335,10.777778,4.3333335,-6.4444447,12.888889,-6.4444447,10.777778,0.6248002,-2.0879846,0
80,83,9,0.11111111,0,1.6666666,1.7777802,1.5000013,0.5666662,49.444443,45.666668,58.666668,44,-11.333333,27.666666,-16.333334,58.666668,0.24967904,-1.9736155,0
18,66,9,0,0,8.666665,9.089677,10.944443,5.289054,39.88889,32.333336,49.555557,37.77778,-22.666666,29,-6.3333335,49.555557,0.3501687,-2.43063,0
58,124,9,0.11111111,0,1.111111,1.140741,0.5555556,0.47407404,1.1481482,0.11111111,2.7777777,0.5555556,-3.1111112,4.888889,-1.7777778,2.7777777,0.984127,-2.1812904,0
189,187,9,0,0,1.2222227,1.0036974,3.0555553,2.3890193,48.51852,44.11111,59.88889,41.555557,-13.222222,34.11111,-20.88889,59.88889,0.30575457,-1.9474715,0
212,152,9,0,0,5,7.6444416,2.3888886,3.2629645,26.555555,20.333334,37.666668,21.666666,-18.666666,33.333332,-14.666667,37.666668,0.46343043,-2.1657314,0
226,131,9,0,0,0,0,0,0,0,0,0,0,0,0,0,0,0,0,0
155,138,9,0,0,2.0000012,0.66666055,1.0555534,0.41852024,69.48148,63.88889,82.55556,62,-16.777779,39.22222,-22.444445,82.55556,0.24899773,-1.9990451,0
215,89,9,0.22222222,0,1.888889,1.5869839,2.3333328,1.7256241,18.037037,14.444445,25.11111,14.555555,-10.777778,21.222221,-10.444445,25.11111,0.43137968,-2.102295,0
226,90,9,0,0,0.77777773,0.62063277,0.38888884,0.2509243,7.185185,5.111111,12.111111,4.3333335,-6.2222223,14.777778,-8.555555,12.111111,0.6410182,-1.9895461,0
179,69,9,0,0,0.72222203,0.4906537,0.944444,0.7428667,40.666668,40.88889,44.555557,36.555557,0.6666667,11.666667,-12.333333,44.555557,0.17869009,-1.5187606,0
37,189,9,0,0,1.3888893,1.4851844,5.722223,23.885176,30,27.11111,36.333336,26.555555,-8.666667,19,-10.333333,36.333336,0.26524833,-2.050282,0
195,136,9,0,0,1.1666666,0.52222216,1.1666667,0.47777748,2.4444444,0.6666667,5.7777777,0.8888889,-5.3333335,10,-4.6666665,5.7777777,0.9111552,-2.1303394,0
196,95,9,0,0,1.722222,1.1238165,1.3333335,1.264911,7.6296296,6.7777777,10.777778,5.3333335,-2.5555556,9.444445,-6.888889,10.777778,0.51256585,-1.7492584,0
227,104,9,0,0.11111111,0.49999985,0.5477228,3.1111107,2.1046689,19.62963,16.222223,26.11111,16.555555,-10.222222,19.444445,-9.222222,26.11111,0.3802916,-2.1282308,0
45,67,9,0,0,0.6666673,0.2981413,1.055554,0.64692926,64.74074,57.11111,80.44444,56.666668,-22.88889,47.11111,-24.222221,80.44444,0.29814535,-2.0766623,0
136,193,9,0,0,2.3888886,1.4516919,2.555556,1.408967,60.703705,54.444443,74.888885,52.77778,-18.777779,42.555557,-23.777779,74.888885,0.29530448,-2.0182114,0
24,188,9,0,0,1.7222233,1.2185186,6.611112,38.551857,30.62963,27.333334,38,26.555555,-9.888889,22.11111,-12.222222,38,0.29079577,-2.0382204,0
230,124,9,0,0,0.2777778,0.10740743,0.2777778,0.15185183,0.6666667,0,2,0,-2,4,-2,2,1,-2.0943952,0
61,104,9,0.22222222,0,1.3888893,0.72962725,1.4444441,0.7407405,57.333332,52.77778,68.22222,51,-13.666667,32.666668,-19,68.22222,0.25220254,-1.9852214,0
232,126,9,0,0.11111111,2.3888888,11.885187,1.2222223,6.2962966,1.5185186,0.44444445,3.5555556,0.5555556,-3.2222223,6.111111,-2.8888888,3.5555556,0.96581197,-2.1073034,0
32,88,9,0,0,0.83333206,0.34960276,1.111112,0.72008145,67.25926,57.88889,85,58.88889,-28.11111,53.22222,-25.11111,85,0.32012162,-2.1320271,0
73,117,9,0,0,1.5555553,0.96296364,0.6111111,0.7740742,1.3333334,0.22222222,3.5555556,0.22222222,-3.3333333,6.6666665,-3.3333333,3.5555556,0.96825397,-2.0943952,0
215,153,9,0,0.11111111,19.666666,8.044466,1.1111113,3.8962963,8.333333,5.3333335,13.444445,6.2222223,-9,15.333333,-6.3333335,13.444445,0.7695767,-2.1438897,0
232,149,9,0,0,0,0,0,0,0,0,0,0,0,0,0,0,0,0,0
147,125,9,0,0,6.388889,3.9238105,1.3333327,0.7601168,43.22222,37.22222,55,37.444443,-18,35.333332,-17.333334,55,0.32463875,-2.0964737,0
83,126,9,0,0,0.72222203,0.5340271,0.94444436,0.5741338,11.185185,5.2222223,20,8.333334,-17.88889,26.444445,-8.555555,20,0.73926485,-2.313534,0
254,73,9,0,0,6.6666665,7.865538,9.444445,12.33003,34.703705,20.555555,57.333332,26.222221,-42.444443,67.888885,-25.444445,57.333332,0.6511328,-2.2555614,0
2,190,9,0,0,2.555555,1.4518529,2.5,2.9666677,31.666666,28,40.11111,26.88889,-11,25.333334,-14.333333,40.11111,0.32900727,-2.0083811,0
166,185,9,0,0,1.9444447,0.250924,2,0.21081811,54.22222,48.555557,67.22222,46.88889,-17,39,-22,67.22222,0.30253935,-2.0080075,0
6,81,9,0,0.11111111,4.111111,8.740745,5.722223,28.50741,12.481482,7.6666665,18.88889,10.888889,-14.444445,19.222221,-4.7777777,18.88889,0.6281558,-2.388561,0
127,143,9,0,0,1.5,0.12222214,0.88888884,0.60740745,4.185185,0.8888889,9.444445,2.2222223,-9.888889,15.777778,-5.888889,9.444445,0.915376,-2.2574124,0
201,183,9,0,0,1.888888,1.9167883,2.333334,1.7888557,52.62963,47.444443,65.111115,45.333332,-15.555555,37.444443,-21.88889,65.111115,0.3037197,-1.9819108,0
54,126,9,0.11111111,0,2.7777774,2.6970487,3.3888886,2.2746582,23.296297,21,28.88889,20,-6.888889,16.777779,-9.888889,28.88889,0.3057855,-1.9687403,0
155,127,9,0,0,2.1666667,1.7094507,15.388888,4.144167,36.51852,35.88889,41,32.666668,-1.8888888,13.444445,-11.555555,41,0.2045359,-1.6767696,0
90,134,9,0,0,0.38888887,0.018518528,0.94444436,0.1518523,2.1111112,1,4.666667,0.6666667,-3.3333333,7.6666665,-4.3333335,4.666667,0.88148147,-2.0131435,0
236,77,9,0,0,22.166666,15.472914,7.722223,8.373016,32.77778,30.222221,37.666668,30.444445,-7.6666665,14.666667,-7,37.666668,0.22524333,-2.1233602,0
106,107,9,0,0,1.111111,0.72008204,0.6666667,0.4216372,22.555555,13,36,18.666668,-28.666666,40.333332,-11.666667,36,0.6385408,-2.3546174,0
86,197,9,0.11111111,0.11111111,1.611112,1.4516907,1.2777786,1.1038647,63.22222,56.22222,77.77778,55.666668,-21,43.666668,-22.666666,77.77778,0.28533262,-2.06802,0
124,113,9,0,0,0.38888887,0.38968176,0.2777778,0.3277307,0.962963,0,2.7777777,0.11111111,-2.8888888,5.4444447,-2.5555556,2.7777777,1,-2.123254,0
249,87,9,0,0,14.388889,327.26297,13.388889,62.018505,31.703703,28.222221,39.444443,27.444445,-10.444445,23.222221,-12.777778,39.444443,0.31248218,-2.0133824,0
183,153,9,0,0,5.0000005,12.266663,3.0000002,6.8888917,28,21.333334,38.77778,23.88889,-20,32.333332,-12.333333,38.77778,0.44774532,-2.2427413,0
103,65,9,0,0,1.277778,1.0835457,1.2222214,0.91083974,60.148148,53.77778,73.888885,52.77778,-19.11111,41.22222,-22.11111,73.888885,0.2870454,-2.0419006,0
60,132,9,0,0,0.11111113,0.029629637,0.22222222,0.029629637,0.37037036,0,1.1111112,0,-1.1111112,2.2222223,-1.1111112,1.1111112,0.8888889,-2.0943952,0
229,195,9,0,0,4.166666,2.2779152,4.111111,2.2476342,47.703705,42.444443,58.88889,41.77778,-15.777778,33.555557,-17.777779,58.88889,0.29027814,-2.0527046,0
78,99,9,0,0,1.611111,8.018518,3.0555553,14.7740755,4.148148,1.1111112,9,2.3333335,-9.111111,14.555555,-5.4444447,9,0.91089994,-2.2556732,0
25,155,9,0,0,5.722223,99.75187,18,151.68887,14.333333,13,18.666668,11.333333,-4,13,-9,21.444445,0.64629805,-1.7974349,0
134,191,9,0,0,1.3888893,1.3066788,1.4444447,1.0886624,61.666668,54.77778,76.66667,53.555557,-20.666666,45,-24.333334,76.66667,0.30299366,-2.0412767,0
124,98,9,0,0,0.9999997,1.0110505,1.2222217,1.2938603,21.518518,16.88889,30.444445,17.222223,-13.888889,26.777779,-12.888889,30.444445,0.4486757,-2.1182358,0
97,90,9,0,0,1.8888892,2.5629632,3.6111114,8.507409,20.148148,15.666667,29,15.777778,-13.444445,26.555555,-13.111111,29,0.465278,-2.101515,0
197,123,9,0,0,0.94444466,0.9518536,2.9999993,1.5555562,44.814816,41.11111,53.77778,39.555557,-11.111111,26.88889,-15.777778,53.77778,0.26327455,-1.9783275,0
139,115,9,0.11111111,0,2.1111107,0.95839214,0.7222214,0.6469293,46.74074,42.444443,56.333332,41.444443,-12.888889,28.777779,-15.888889,56.333332,0.2641149,-2.0211253,0
23,113,9,0,0,0.611111,0.28518534,0.6666666,0.48888886,1.4074074,0.11111111,3.4444444,0.6666667,-3.8888888,6.111111,-2.2222223,3.4444444,0.9814815,-2.2375617,0
10,172,9,0,0,4.277777,4.38896,6.6666656,7.360555,44.77778,40.333336,54.666668,39.333336,-13.333333,29.666666,-16.333334,54.666668,0.27804413,-2.0524528,0
195,99,9,0,0,3.0555553,4.462964,2.7777777,4.651851,6.740741,3.4444444,11.555555,5.2222223,-9.888889,14.444445,-4.5555553,11.555555,0.71189785,-2.318885,0
224,124,9,0,0,1.5555559,1.2938598,1.8888887,1.186342,43.51852,36.77778,56.333332,37.444443,-20.222221,38.444443,-18.222221,56.333332,0.3480217,-2.1278005,0
58,146,9,0.11111111,0,3.5000002,7.0555553,2.5000007,4.6555552,22.74074,18.11111,31.555555,18.555555,-13.888889,26.444445,-12.555555,31.555555,0.42982522,-2.124871,0
179,133,9,0,0,2.3888886,2.3796985,0.8888893,0.7503084,36.77778,32,46.333332,32,-14.333333,28.666666,-14.333333,46.333332,0.3133975,-2.091572,0
58,122,9,0,0,2.0555556,2.2152667,6.1111107,3.0160062,34.185184,29.222221,44.333332,29,-14.888889,30.444445,-15.555555,44.333332,0.3496519,-2.0748382,0
236,38,9,0.11111111,0,1.3333334,1.4907119,2.9444447,2.2941144,14.444445,10.111111,22,11.222222,-13,22.666666,-9.666667,22,0.54723245,-2.1930976,0
80,77,9,0,0,1.388888,1.0628399,0.6666667,0.5577739,59.11111,51.11111,74,52.22222,-24,44.666668,-20.666666,74,0.31068987,-2.1430485,0
220,149,9,0,0,0.11111113,0.17213261,0.11111113,0.17213261,0.037037037,0,0.11111111,0,-0.11111111,0.22222222,-0.11111111,0.11111111,0.11111111,-2.0943952,0
230,117,9,0,0,3.2777786,0.92895794,1.4444433,0.86066324,39.037037,33.555557,49.77778,33.77778,-16.444445,32.22222,-15.777778,49.77778,0.33502588,-2.1062348,0
244,82,9,0,0,0.611111,1.0201671,2.722222,2.5334797,15.518518,11.666667,22.444445,12.444445,-11.555555,20.777779,-9.222222,22.444445,0.4816013,-2.1706324,0
137,182,9,0,0,1.8333334,3.8555553,3.6111107,9.218522,34.925926,31.444445,42.88889,30.444445,-10.444445,23.88889,-13.444445,42.88889,0.28575617,-2.0011246,0
236,117,9,0,0,0.7777786,0.40368706,1.277778,0.74286777,45.88889,39.555557,58.444443,39.666668,-19,37.666668,-18.666666,58.444443,0.33047688,-2.0994802,0
90,134,9,0,0,0.38888887,0.018518528,0.94444436,0.1518523,2.1111112,1,4.666667,0.6666667,-3.3333333,7.6666665,-4.3333335,4.666667,0.88148147,-2.0131435,0
96,141,9,0,0,1.5555555,0.7407407,0.44444445,0.11851848,4.962963,3.1111112,8.777778,3,-5.5555553,11.444445,-5.888889,8.777778,0.6652397,-2.0750706,0
29,18,9,0.22222222,0,0.7777774,0.8073724,1.7222227,1.2895608,68.296295,59,86.111115,59.77778,-27.88889,53.444443,-25.555555,86.111115,0.31715608,-2.123641,0
131,125,9,0,0,0.6111111,0.3740741,0.49999997,0.30000004,1.3703704,0,3.8888888,0.22222222,-4.111111,7.5555553,-3.4444444,3.8888888,1,-2.1303394,0
189,48,9,0,0,0.72222203,0.38968173,4.6666665,4.3050365,42.074074,38.77778,49.88889,37.555557,-9.888889,23.444445,-13.555555,49.88889,0.24524052,-2.0032587,0
33,90,9,0.11111111,0,0.49999985,0.4082481,1.8333335,0.5477228,16.666666,11.888889,25.777779,12.333333,-14.333333,27.333334,-13,25.777779,0.53911555,-2.1259756,0
74,64,9,0,0,1.8333327,1.2064646,2,1.1155467,56.592594,49.666668,71,49.11111,-20.777779,43.22222,-22.444445,71,0.3130033,-2.0671675,0
252,137,9,0,0,0.88888884,0.544331,0.6111111,0.71232533,0.7407407,0.33333334,1.7777778,0.11111111,-1.2222222,3.1111112,-1.8888888,1.7777778,0.75,-2.0076063,0
142,119,9,0,0,5.277778,0.85418415,1.0555553,0.6116157,45.62963,40.666668,56,40.22222,-14.888889,31.11111,-16.222221,56,0.2807703,-2.0640383,0
211,139,9,0,0,0.33333334,0.0888889,0.27777782,0.06296302,5.2222223,3.2222223,9.555555,2.8888888,-6,13,-7,9.555555,0.69660497,-2.04457,0
147,34,9,0,0,4.611111,4.154872,0.7777786,0.7793621,47.592594,41.11111,60,41.666668,-19.444445,37.22222,-17.777779,60,0.3175422,-2.1228747,0
38,116,9,0,0,0.9444445,0.24074072,1.2222222,1.0962965,2.8148148,0.5555556,5.6666665,2.2222223,-6.7777777,8.555555,-1.7777778,5.6666665,0.9126984,-2.4202576,0
137,141,9,0,0,0.055555563,0.13608278,0.055555556,0.13608277,0.037037037,0,0.11111111,0,-0.11111111,0.22222222,-0.11111111,0.11111111,0.11111111,-2.0943952,0
86,197,9,0.11111111,0.11111111,1.611112,1.4516907,1.2777786,1.1038647,63.22222,56.22222,77.77778,55.666668,-21,43.666668,-22.666666,77.77778,0.28533262,-2.06802,0
88,136,9,0,0,1.8333331,1.149879,2.0555553,2.112573,8,4.111111,13.222222,6.6666665,-11.666667,15.666667,-4,13.222222,0.6950877,-2.412671,0
151,129,9,0,0,8.055556,8.141569,0.72222203,0.8277585,32.037037,27.555555,41.11111,27.444445,-13.444445,27.222221,-13.777778,41.11111,0.3384073,-2.0787966,0
70,98,9,0.11111111,0,1.2222221,1.7185185,1.7777777,1.3185183,4.6666665,1.2222222,9.222222,3.5555556,-10.333333,13.666667,-3.3333333,9.222222,0.89084005,-2.3954217,0
42,203,9,0,0,0.94444466,0.6469296,6.055556,2.4623086,54.51852,48.666668,67.111115,47.77778,-17.555555,37.77778,-20.222221,67.111115,0.28979304,-2.0465353,0
183,66,9,0,0,1.277778,0.82775986,2.555556,1.8934586,42.11111,41.555557,45.88889,38.88889,-1.6666666,11.333333,-9.666667,45.88889,0.15200906,-1.6838505,0
201,86,9,0,0.11111111,9.5,222.70003,8.777779,105.54074,13.407408,8.777778,19.88889,11.555555,-13.888889,19.444445,-5.5555553,19.88889,0.6309454,-2.363577,0
242,89,9,0,0,0.5,0.47777787,0.9444445,0.5518519,1.8148148,0.7777778,4.111111,0.5555556,-3.1111112,6.888889,-3.7777777,4.111111,0.8962963,-2.0422592,0
15,189,9,0,0,1.499999,0.9222211,2,2.8888876,32.11111,28.333334,40.333336,27.666666,-11.333333,24.666666,-13.333333,40.333336,0.31536263,-2.0379822,0
77,135,9,0,0,2.944444,1.9710863,1.7777767,0.9583936,47.37037,41,60.666668,40.444443,-19.11111,39.88889,-20.777779,60.666668,0.3346597,-2.0634599,0
145,185,9,0.11111111,0,2.7777767,2.257497,2.2222214,1.9512575,56.25926,49.88889,69.88889,49,-19.11111,40.88889,-21.777779,69.88889,0.30228263,-2.0510557,0
217,195,9,0,0,4.2222233,3.284081,2.3888893,2.102027,45.074074,39.666668,55.555557,40,-16.222221,31.444445,-15.222222,55.555557,0.2929567,-2.1185718,0
53,135,9,0,0,0.5555555,0.2074075,0.33333334,0.08888893,0.7407407,0,2.1111112,0.11111111,-2.2222223,4.111111,-1.8888888,2.1111112,0.8888889,-2.1374457,0
135,185,9,0.11111111,0,2.2222214,2.8100352,2.2777793,1.2895584,47.962963,44.11111,57.333332,42.444443,-11.555555,28.11111,-16.555555,57.333332,0.2591888,-1.9820988,0
77,186,9,0,0,1.9999996,2.6666656,2.333333,3.5555558,34.962963,31.11111,43.444443,30.333334,-11.555555,25.444445,-13.888889,43.444443,0.3033766,-2.0366416,0
116,184,9,0,0,2.2222226,2.118519,10.611111,45.085182,31.703703,28.777779,38,28.333334,-8.777778,18.88889,-10.111111,38.333336,0.25072145,-2.2154639,0
169,137,9,0,0,1.5000005,0.47777736,8.444445,50.07408,25.333334,18.666668,36.555557,20.777779,-20,33.666668,-13.666667,36.555557,0.50256854,-2.2130325,0
237,91,9,0,0,0.61111087,0.018518543,0.61111087,0.19629624,12.148149,7.5555553,20.666668,8.222222,-13.777778,25.555555,-11.777778,20.666668,0.63446367,-2.1475708,0
104,129,9,0,0,19.277777,28.907421,1.1111107,1.0962967,37.88889,33.11111,47.444443,33.11111,-14.333333,28.666666,-14.333333,47.444443,0.3206125,-2.097799,0
123,186,9,0,0,3.6111114,3.0288742,9.444444,7.9321184,51.77778,46.555557,63.666668,45.11111,-15.666667,35.666668,-20,63.666668,0.2901475,-2.0141015,0
214,121,9,0,0,0.2777778,0.06296298,0.11111111,0.07407408,1.1481482,0,3.3333333,0.11111111,-3.4444444,6.5555553,-3.1111112,3.3333333,1,-2.132635,0
113,130,9,0,0,0.27777776,0.25092423,0.33333328,0.3651483,0.8888889,0,2.5555556,0.11111111,-2.6666667,5,-2.3333333,2.5555556,1,-2.123254,0
225,58,9,0,0,0.3333335,0.42163706,0.4444445,0.34426522,8.333333,5.5555553,14.111111,5.3333335,-8.333333,17.333334,-9,14.111111,0.62222224,-2.0685637,0
18,83,9,0,0.11111111,6.1666665,9.988892,12.888889,28.785189,14.37037,9,22.666666,11.444445,-16.11111,24.88889,-8.777778,22.666666,0.6647845,-2.2742054,0
184,145,9,0,0,0.9444445,0.49065363,1.7777778,0.93491936,3.4074075,2.3333335,5.7777777,2.1111112,-3.2222223,7.111111,-3.8888888,5.7777777,0.65661377,-2.0365057,0
247,92,9,0,0,0.88888884,0.5185184,0.44444433,0.118518606,12.074074,7.5555553,20.555555,8.111112,-13.555555,25.444445,-11.888889,20.555555,0.6321268,-2.1378512,0
54,176,9,0,0,2.1111126,0.68853056,2.6666672,2.6915512,50.666668,46,62.666668,43.333332,-14,36,-22,62.666668,0.30857325,-1.9514097,0
225,58,9,0,0,0.3333335,0.42163706,0.4444445,0.34426522,8.333333,5.5555553,14.111111,5.3333335,-8.333333,17.333334,-9,14.111111,0.62222224,-2.0685637,0
54,140,9,0.11111111,0,0.72222215,0.4430532,1.7777777,1.0470418,8.333333,3.7777777,14,7.2222223,-13.666667,17,-3.3333333,14,0.73447025,-2.4423232,0
235,196,9,0,0,1.6666666,1.333334,2.222222,1.1482682,47.25926,41.77778,58.555557,41.444443,-16.444445,33.88889,-17.444445,58.555557,0.29423782,-2.0746155,0
175,188,9,0,0,2.9999993,2.5733685,2.3333328,1.2995725,55.77778,49.666668,69.111115,48.555557,-18.333334,40,-21.666666,69.111115,0.29629385,-2.0396667,0
99,130,9,0,0,0.5555555,0.45542014,0.5555555,0.5443311,1.3703704,0.11111111,3.3333333,0.6666667,-3.7777777,5.888889,-2.1111112,3.3333333,0.9777778,-2.2390292,0
201,125,9,0.11111111,0,1.722222,1.3402604,8.555554,5.725834,43.37037,41.666668,49,39.444443,-5.111111,16.88889,-11.777778,49,0.19248421,-1.8405788,0
45,108,9,0,0.11111111,25.5,12.795401,27.277779,15.930981,49.814816,41.77778,61.11111,46.555557,-24.11111,33.88889,-9.777778,61.11111,0.35897508,-2.3604913,0
115,111,9,0,0,0.55555564,0.40368685,1.9444437,1.0417223,18.037037,9.666667,30.11111,14.333333,-25.11111,36.22222,-11.111111,30.11111,0.67951304,-2.3333182,0
151,163,9,0,0,2.0555556,2.2851863,18.166666,41.988934,40,34.555557,48,37.444443,-16.333334,24,-7.6666665,48.11111,0.2638465,-2.5174901,0
161,154,9,0,0,0,0,0,0,0,0,0,0,0,0,0,0,0,0,0
230,113,9,0,0,1.111111,0.5018487,0.555556,0.54433125,21.592592,18.11111,27.88889,18.777779,-10.444445,18.88889,-8.444445,27.88889,0.3500821,-2.1636333,0
62,200,9,0,0,2.2777774,2.1335068,3.7777793,1.7847085,61.037037,54.11111,76.44444,52.555557,-20.777779,46.22222,-25.444445,76.44444,0.31254068,-2.0265863,0
23,172,9,0,0,1.333334,0.8944272,9.166667,5.8566217,42.333332,38,51.22222,37.77778,-13,26.666666,-13.666667,51.22222,0.26545405,-2.1265585,0
182,135,9,0,0,4.222222,1.1287482,1.1111103,1.0255978,32.703705,28.555555,41,28.555555,-12.444445,24.88889,-12.444445,41,0.30882394,-2.0932033,0
23,92,9,0,0.11111111,4.111111,4.63641,7,5.688196,12.666667,8.777778,18.666668,10.555555,-11.666667,18,-6.3333335,18.666668,0.56489813,-2.2805607,0
203,61,9,0,0,0.16666675,0.2788868,0.7222221,0.44305354,7,4.4444447,12.333333,4.2222223,-7.6666665,16,-8.333333,12.333333,0.66625965,-2.0682037,0
98,107,9,0,0,4.6666665,3.7333333,3.9444447,17.12963,8.703704,4.888889,14.555555,6.6666665,-11.444445,17.555555,-6.111111,14.555555,0.69722587,-2.2801461,0
222,131,9,0,0,0,0,0,0,0,0,0,0,0,0,0,0,0,0,0
240,63,9,0,0,0.55555564,0.5443313,0.38888916,0.38968176,8.962963,6.3333335,14,6.5555553,-7.888889,15.111111,-7.2222223,14,0.54770046,-2.1218371,0
212,94,9,0,0,1.722222,2.374074,1.2222222,0.962962,15.62963,10.555555,24.88889,11.444445,-15.222222,27.777779,-12.555555,24.88889,0.57665956,-2.1594663,0
138,144,9,0,0,0.8888889,0.86066306,0.2777778,0.53402734,0.6666667,0.5555556,1,0.44444445,-0.33333334,1,-0.6666667,1,0.37037036,-1.9042695,0
43,137,9,0,0,0.16666667,0.077777795,1.3888888,1.7518517,1.6666666,0.6666667,3.7777777,0.5555556,-3,6.3333335,-3.3333333,3.7777777,0.91798943,-2.0712416,0
235,86,9,0,0,0.27777782,0.018518519,0.27777782,0.062963,12.333333,7.7777777,21.11111,8.111112,-13.666667,26.333334,-12.666667,21.11111,0.63092834,-2.1201534,0
85,200,9,0,0,4.4999995,4.3243494,6.0555553,4.327775,58.592594,52.22222,72.66667,50.88889,-19.11111,42.22222,-23.11111,72.66667,0.30018097,-2.02885,0
202,193,9,0,0,1.111112,0.7503075,3.3888881,2.489236,41.703705,37.88889,50.666668,36.555557,-11.444445,26.88889,-15.444445,50.666668,0.27838665,-1.9929975,0
54,133,9,0,0,1.5555557,1.0074074,0.50000006,0.3444443,5.3703704,3.6666667,9,3.4444444,-5.111111,10.888889,-5.7777777,9,0.6304714,-2.0480003,0
106,191,9,0,0,3.166668,3.0313168,2.8333313,2.896358,63,55.11111,79.55556,54.333332,-23.666666,49.666668,-26,79.55556,0.31752294,-2.0622857,0
241,70,9,0,0,1.0555559,0.71232605,4.1111107,2.7541208,39.962963,36.444443,48.333332,35.11111,-10.555555,25.11111,-14.555555,48.333332,0.27405116,-1.9904121,0
190,162,9,0,0,2.1111107,3.9851823,13.944444,155.12964,41.333332,35,51.11111,37.88889,-19,29.333334,-10.333333,51.333332,0.2984709,-2.4946074,0
208,90,9,0,0,2.8888886,2.5629659,0.72222215,0.06296298,5.148148,2.7777777,10,2.6666667,-7.111111,14.555555,-7.4444447,10,0.79721206,-2.073429,0
117,137,9,0,0,0.27777776,0.3896817,0.38888887,0.25092417,0.7777778,0,2.2222223,0.11111111,-2.3333333,4.3333335,-2,2.2222223,1,-2.123254,0
174,96,9,0.22222222,0,2.2222226,0.6885298,0.944444,0.8798158,55.148148,54.11111,61,50.333332,-3.1111112,17.555555,-14.444445,61,0.17457852,-1.7204678,0
189,141,9,0,0,0,0,0,0,0,0,0,0,0,0,0,0,0,0,0
18,209,9,0,0.11111111,2.6111119,0.7123263,4.555556,2.6722174,48.77778,43,60.77778,42.555557,-17.333334,36,-18.666666,60.77778,0.30298224,-2.0669804,0
38,134,9,0,0,0.16666667,0.18257421,0.33333334,0.2108186,1.037037,0,3.1111112,0,-3.1111112,6.2222223,-3.1111112,3.1111112,1,-2.0943952,0
235,120,9,0,0,0.44444442,0.3407407,0.49999997,0.30000004,1.4444444,0,4,0.33333334,-4.3333335,7.6666665,-3.3333333,4,1,-2.1563656,0
27,57,9,0.11111111,0,0.7222226,0.32772803,0.7222226,0.3896791,70.37037,60,90.111115,61,-31.11111,59.22222,-28.11111,90.111115,0.33538663,-2.128801,0
126,80,9,0,0,21.055555,530.5518,34.61111,409.39636,68.77778,60.333332,79.55556,66.44444,-25.333334,32.333332,-7,79.55556,0.28962377,-2.4341934,0
87,146,9,0,0,0.944444,0.6116159,5.111111,4.712474,43.148148,36.88889,55.88889,36.666668,-18.777779,38.22222,-19.444445,55.88889,0.34745374,-2.0818424,0
163,131,9,0,0,0.16666669,0.18257421,0.27777776,0.25092423,1.5555556,0.8888889,3.6666667,0.11111111,-2,6.3333335,-4.3333335,3.6666667,0.9722222,-1.871048,0
34,131,9,0,0,0.3333333,0.17777775,0.72222215,0.5518518,0.8148148,0.33333334,1.8888888,0.22222222,-1.4444444,3.2222223,-1.7777778,1.8888888,0.9259259,-2.0561552,0
107,191,9,0,0,3.722222,2.999382,2.8888874,2.7862093,62.037037,54.444443,78.111115,53.555557,-22.777779,48.22222,-25.444445,78.111115,0.3146827,-2.0561104,0
206,61,9,0,0,0.5555555,0.40368673,0.4999999,0.45946813,7.0740743,4.666667,12.222222,4.3333335,-7.2222223,15.444445,-8.222222,12.222222,0.64589113,-2.0487173,0
128,161,9,0,0,0.55555534,0.25185192,0.77777785,0.16296278,7.148148,5.5555553,10.888889,5,-4.7777777,11.222222,-6.4444447,10.888889,0.5409177,-1.9963073,0
199,116,9,0,0,0.5555555,0.2962963,0.44444442,0.029629644,1.962963,0.6666667,4.888889,0.33333334,-3.8888888,8.777778,-4.888889,4.888889,0.94074076,-2.018925,0
244,105,9,0,0,5.9444447,4.9234886,1.4999996,0.80966365,22.703703,19.11111,29.555555,19.444445,-10.777778,20.555555,-9.777778,29.555555,0.36449948,-2.1255476,0
86,20,9,0,0,0.94444656,1.0201677,1.9444441,1.0628412,65.18519,56.444443,81.66667,57.444443,-26.222221,49.444443,-23.222221,81.66667,0.30955637,-2.1330314,0
123,152,9,0,0,0,0,0,0,0,0,0,0,0,0,0,0,0,0,0
25,208,9,0,0,5.7222233,4.841564,6.3333344,3.5527778,55.62963,48.22222,70.333336,48.333332,-22.222221,44.11111,-21.88889,70.333336,0.32059526,-2.0945847,0
208,65,9,0,0,1.3888874,1.2367799,26.444445,25.537477,56.703705,52.666668,64.44444,53,-12.111111,23.222221,-11.111111,64.44444,0.19713038,-1.9708116,0
102,50,9,0,0,1.611112,1.0628405,1.333334,0.8692274,60.851852,53,75.77778,53.77778,-23.555555,44.77778,-21.222221,75.77778,0.30477422,-2.1294794,0
208,34,9,0,0,1.7222224,1.7309811,0.4444445,0.50184834,14.444445,10.777778,21,11.555555,-11,19.666666,-8.666667,21,0.479958,-2.1623826,0
92,89,9,0,0,1.9999994,1.2649107,1.2222214,0.95839226,58.925926,51,74.44444,51.333332,-23.777779,46.555557,-22.777779,74.44444,0.31787068,-2.1087568,0
81,158,9,0,0,2.8333333,1.1444448,1.4444447,1.7629628,21.037037,16.777779,29,17.333334,-12.777778,23.88889,-11.111111,29,0.41915956,-2.142701,0
217,130,9,0,0,2.3333333,2.5333333,1.4444447,0.4740743,21.37037,15.777778,31.88889,16.444445,-16.777779,31.555555,-14.777778,31.88889,0.50544137,-2.1349237,0
27,134,9,0,0,1.111111,0.9813067,1.6111113,1.0628402,8.703704,3.6666667,15.888889,6.5555553,-15.111111,21.555555,-6.4444447,15.888889,0.772831,-2.3430035,0
150,152,9,0,0,0.11111108,0.029629618,2.0555556,3.5740747,1.3703704,1,2.3333335,0.7777778,-1.1111112,2.8888888,-1.7777778,2.3333335,0.537037,-2.0073514,0
250,87,9,0,0,0.72222203,0.24074072,0.61111087,0.37407398,11.148149,6.6666665,19.555555,7.2222223,-13.444445,25.222221,-11.777778,19.555555,0.6593289,-2.1386166,0
95,141,9,0,0,0.72222215,0.24074078,0.72222215,0.1518519,1.5555556,0.11111111,3.6666667,0.8888889,-4.3333335,6.3333335,-2,3.6666667,0.9777778,-2.2859912,0
109,76,9,0,0,1.5000006,0.69121444,0.3888887,0.32773072,51.77778,47.666668,61.555557,46.11111,-12.333333,29.333334,-17,61.555557,0.25070548,-1.9899223,0
37,104,9,0,0,7.8333325,9.713106,22.111109,21.61858,18.62963,14.888889,23.444445,17.555555,-11.222222,14.444445,-3.2222223,23.444445,0.6076133,-2.4250698,0
179,162,9,0,0,1.9444447,1.3074076,14.055556,5.929622,40.296295,34.666668,49.22222,37,-16.88889,26.777779,-9.888889,49.22222,0.28965172,-2.3411982,0
234,194,9,0,0.22222222,1.4444453,1.9512585,3.8333333,3.0894084,48.62963,43,60.333332,42.555557,-16.88889,35.11111,-18.222221,60.333332,0.29836866,-2.0718758,0
121,102,9,0.11111111,0,2.9444435,1.8549231,1.222222,0.86066246,51.666668,47.11111,62.333332,45.555557,-13.666667,32,-18.333334,62.333332,0.2694,-1.9948803,0
49,112,9,0.11111111,0,1.3333334,1.3777776,1.5555555,1.7185184,3.8148148,1.1111112,7.2222223,3.1111112,-8.111111,10.222222,-2.1111112,7.2222223,0.86766475,-2.4357176,0
58,109,9,0,0,1.1666666,0.6236098,1.0555553,0.49065349,41.814816,36.11111,53.666668,35.666668,-17.11111,35.555557,-18.444445,53.666668,0.3349617,-2.068644,0
45,121,9,0,0,2.0555573,1.2546208,6.6111107,2.678445,54.962963,47.77778,68.66667,48.444443,-21.555555,41.11111,-19.555555,68.66667,0.3071933,-2.1269433,0
134,187,9,0,0,1.8888887,1.5153537,2.1111114,1.7847083,59.37037,52.666668,74.111115,51.333332,-20.11111,44.22222,-24.11111,74.111115,0.30745777,-2.03348,0
162,159,9,0,0,2.1666667,0.9603238,2.2222223,1.4555128,26.11111,25.222221,29.555555,23.555555,-2.6666667,10.333333,-7.6666665,29.555555,0.20284556,-1.8025542,0
166,135,9,0,0,0.44444442,0.2721655,0.22222221,0.4036867,1.4074074,0.7777778,3.3333333,0.11111111,-1.8888888,5.7777777,-3.8888888,3.3333333,0.9722222,-1.8807242,0
201,133,9,0,0,0.6111111,0.24074069,0.22222222,0.07407406,0.7407407,0.33333334,1.7777778,0.11111111,-1.2222222,3.1111112,-1.8888888,1.7777778,0.962963,-1.999063,0
178,134,9,0,0,0.11111108,0.17213255,0.22222222,0.2721655,1.8518518,1,3.8888888,0.6666667,-2.5555556,6.111111,-3.5555556,3.8888888,0.8333333,-1.997796,0
6,81,9,0,0.11111111,4.111111,8.740745,5.722223,28.50741,12.481482,7.6666665,18.88889,10.888889,-14.444445,19.222221,-4.7777777,18.88889,0.6281558,-2.388561,0
16,190,9,0,0,3.7777774,6.8740745,8.555555,73.674065,29.62963,26.11111,36.88889,25.88889,-10.555555,21.777779,-11.222222,36.88889,0.30038968,-2.1606584,0
14,95,9,0,0,1.3333334,0.699206,1.1111112,0.62063295,2.2592592,0.6666667,3.8888888,2.2222223,-4.7777777,4.888889,-0.11111111,3.8888888,0.8740741,-2.5527236,0
119,191,9,0,0,3.11111,2.9489486,5.2222233,3.4297178,59.592594,52.333332,75.22222,51.22222,-21.777779,46.88889,-25.11111,75.22222,0.31901047,-2.047053,0
46,131,9,0,0,0.27777776,0.06296298,1.7777777,1.8518522,1.4074074,0.7777778,2.7777777,0.6666667,-1.8888888,4.111111,-2.2222223,2.7777777,0.77037036,-2.0513444,0
238,98,9,0,0,1.333334,1.2888875,1.2777773,0.5962972,52.851852,47.555557,64.66667,46.333332,-15.888889,35.444443,-19.555555,64.66667,0.28510964,-2.025773,0
242,148,9,0,0,0,0,0,0,0,0,0,0,0,0,0,0,0,0,0
224,190,9,0,0,2.8888886,2.1361103,3.0000007,1.8499246,47.48148,42.444443,58.666668,41.333336,-15.111111,33.555557,-18.444445,58.666668,0.2956214,-2.025942,0
116,192,9,0.11111111,0,6.055556,2.8238401,4.3333335,3.062316,57.074074,50.333332,72.111115,48.77778,-20.222221,45.11111,-24.88889,72.111115,0.32401717,-2.024748,0
19,90,9,0,0,1.3888888,1.8851852,1.1111112,2.1185184,3.4074075,0.8888889,7.888889,1.4444444,-7.5555553,13.444445,-5.888889,7.888889,0.904321,-2.1660802,0
95,191,9,0,0.11111111,3.1666667,2.786874,6.0000014,5.1854515,60.25926,52.444443,76.22222,52.11111,-23.444445,47.88889,-24.444445,76.22222,0.3208649,-2.0776508,0
168,77,9,0,0,0.88888866,1.2740752,1.5555553,1.5851847,59.555557,54.22222,71.333336,53.11111,-16,35.333332,-19.333334,71.333336,0.25532874,-2.030875,0
96,115,9,0,0,1.9999999,0.9660915,3.3333333,1.4142128,14.777778,8.444445,22.88889,13,-19,24.333334,-5.3333335,22.88889,0.6183277,-2.4590404,0
198,127,9,0,0,2.4444444,4.385187,8.555555,59.54075,40.74074,38,48.22222,36,-8.222222,22.444445,-14.222222,48.22222,0.24899939,-1.9083478,0
33,108,9,0,0,2.944444,4.5962973,6.833332,16.83333,40,36,48.22222,35.77778,-12,24.666666,-12.666667,48.22222,0.26675764,-2.080474,0
116,184,9,0,0,2.2222226,2.118519,10.611111,45.085182,31.703703,28.777779,38,28.333334,-8.777778,18.88889,-10.111111,38.333336,0.25072145,-2.2154639,0
60,196,9,0,0,1.4444447,1.0470428,4.444444,1.9962916,51.148148,45.333332,63.333332,44.77778,-17.444445,36.555557,-19.11111,63.333332,0.2976887,-2.059262,0
74,129,9,0,0,0.22222222,0.029629637,0.11111111,0.029629635,0.5185185,0,1.5555556,0,-1.5555556,3.1111112,-1.5555556,1.5555556,1,-2.0943952,0
139,187,9,0,0,2.055556,1.1238163,1.8333334,1.0697875,60.444443,53.666668,74.77778,52.88889,-20.333334,43,-22.666666,74.77778,0.29269224,-2.0582106,0
4,189,9,0,0,2.0555565,3.8851852,11.722221,114.59634,26.444445,23.444445,33,22.88889,-9,19.666666,-10.666667,33,0.27147257,-2.1010017,0
18,70,9,0,0.11111111,9.444444,5.897896,9.944444,6.9487534,21.037037,16.222223,26.666666,20.222221,-14.444445,16.88889,-2.4444444,26.666666,0.4158355,-2.5142038,0
202,71,9,0,0,0.944444,0.5741341,0.7777774,0.45541972,38.37037,37.88889,42.11111,35.11111,-1.4444444,11.222222,-9.777778,42.11111,0.16604693,-1.6759187,0
176,100,9,0,0,1.9444441,0.7740748,1.4444447,0.6518514,55.37037,50.333332,66.88889,48.88889,-15.111111,34.555557,-19.444445,66.88889,0.26862052,-2.00619,0
223,150,9,0,0,0,0,0,0,0,0,0,0,0,0,0,0,0,0,0
193,125,9,0,0,5.055556,2.550962,1.9444447,1.8787314,37.444443,32.333336,47.555557,32.444447,-15.333333,30.333334,-15,47.555557,0.3218254,-2.1006875,0
161,135,9,0,0,0.055555563,0.13608278,0.11111113,0.17213261,1.2592592,0.7777778,3,0,-1.4444444,5.2222223,-3.7777777,3,1,-1.8222142,0
27,106,9,0,0,0.6111111,0.41851848,1.2777778,0.5962963,2.1851852,0.33333334,4.888889,1.3333334,-5.5555553,8.111111,-2.5555556,4.888889,0.9517196,-2.2740705,0
99,132,9,0,0,0.44444442,0.3851853,0.5555555,0.7851854,0.7407407,0.11111111,2,0.11111111,-1.8888888,3.7777777,-1.8888888,2,0.9814815,-2.0943952,0
183,185,9,0,0,2.8888881,1.4246495,5.777777,5.556445,44.962963,40.666668,55,39.22222,-12.888889,30.11111,-17.222221,55,0.28574014,-2.0049882,0
47,121,9,0,0,0.88888866,1.0255988,4.888888,3.208784,53.666668,46.88889,66.88889,47.22222,-20.333334,39.666668,-19.333334,66.88889,0.30067223,-2.1102333,0
200,13,9,0,0,1.7777777,1.8579161,0.27777767,0.25092423,9.296296,6.111111,15.888889,5.888889,-9.555555,19.777779,-10.222222,15.888889,0.63273925,-2.0741334,0
237,83,9,0,0,0.7222223,0.41851845,5.8333335,20.922216,9.888889,6,17,6.6666665,-11.666667,21.333334,-9.666667,17,0.6765811,-2.1502569,0
186,90,9,0,0,4.444444,1.455513,0.6666667,0.4714045,10.037037,7.5555553,15,7.5555553,-7.4444447,14.888889,-7.4444447,15,0.5339284,-2.067026,0
76,116,9,0,0,0.833333,0.43333372,0.16666667,0.07777769,16.851852,13.555555,23.222221,13.777778,-9.888889,19.11111,-9.222222,23.222221,0.42083883,-2.1211753,0
191,119,9,0,0,1.1111107,1.2938615,0.9444459,0.772202,39.851852,36.22222,48.22222,35.11111,-10.888889,25.11111,-14.222222,48.22222,0.27171725,-2.0059998,0
185,118,9,0,0,14.444446,182.29631,1.1666666,1.0555547,55.074074,50.11111,66.333336,48.77778,-14.888889,33.77778,-18.88889,66.333336,0.26555753,-2.0071168,0
189,187,9,0,0,1.2222227,1.0036974,3.0555553,2.3890193,48.51852,44.11111,59.88889,41.555557,-13.222222,34.11111,-20.88889,59.88889,0.30575457,-1.9474715,0
169,184,9,0.11111111,0,1.2222227,0.54433143,2.4999993,1.9293057,56.25926,51.22222,69,48.555557,-15.111111,38.22222,-23.11111,69,0.2956001,-1.958014,0
94,127,9,0,0,0.77777785,0.5018486,0.77777773,0.6885305,2.7407408,0.5555556,5.5555553,2.1111112,-6.5555553,8.444445,-1.8888888,5.5555553,0.91534394,-2.4089394,0
249,200,9,0,0,2.5555546,2.6218467,2.5,1.2064643,45.296295,40.666668,55.77778,39.444443,-13.888889,31.444445,-17.555555,55.77778,0.29278436,-2.0166461,0
36,145,9,0,0,0.2777778,0.19629629,1.2777778,2.0629628,0.8518519,0.33333334,1.4444444,0.7777778,-1.5555556,1.7777778,-0.22222222,1.4444444,0.25185186,-2.5309503,0
7,90,9,0,0,1.2777777,0.8541836,2.4444444,2.0184336,4.6666665,2.5555556,5.7777777,5.6666665,-6.3333335,3.3333333,3,6.2222223,0.66534394,-3.0441751,0
180,186,9,0.11111111,0,1.5000013,1.7981453,1.9444441,1.7815933,49.62963,45,61.333332,42.555557,-13.888889,35.11111,-21.222221,61.333332,0.30616122,-1.9580852,0
187,180,9,0,0,4.055556,2.9845276,3.3333333,3.19722,62.074074,54.88889,77.55556,53.77778,-21.555555,46.444443,-24.88889,77.55556,0.30690557,-2.0441787,0
17,85,9,0.11111111,0,0.8888889,0.72008216,1.111111,0.7200825,1.7777778,0.44444445,3.4444444,1.4444444,-4,5,-1,3.4444444,0.912963,-2.3776238,0
87,196,9,0.11111111,0,1.3333321,0.8692278,2.222222,1.6688869,61.592594,55,75.66667,54.11111,-19.777779,42.22222,-22.444445,75.66667,0.28752622,-2.0487363,0
100,111,9,0,0,3.7222223,20.951847,4.111111,19.496296,4.888889,2.2222223,9.111111,3.3333333,-8,12.666667,-4.6666665,9.111111,0.8646644,-2.2164733,0
108,138,9,0,0,0.2777777,0.062962934,0.5,0.12222223,3.1851852,1.4444444,6.6666665,1.4444444,-5.2222223,10.444445,-5.2222223,6.6666665,0.79960316,-2.08783,0
78,99,9,0,0,1.611111,8.018518,3.0555553,14.7740755,4.148148,1.1111112,9,2.3333335,-9.111111,14.555555,-5.4444447,9,0.91089994,-2.2556732,0
233,154,9,0,0,3.7222223,11.618519,0.66666603,0.577778,33,25.11111,46.555557,27.333334,-23.666666,40.666668,-17,46.555557,0.45878506,-2.2026498,0
217,115,9,0,0,1.1666666,0.34444454,0.5555555,0.38518524,1.8888888,0.22222222,4.666667,0.7777778,-5,8.333333,-3.3333333,4.666667,0.962963,-2.2166038,0
97,123,9,0,0,0.38888887,0.01851856,0.16666666,0.077777766,1.1481482,0,3.4444444,0,-3.4444444,6.888889,-3.4444444,3.4444444,1,-2.0943952,0
221,111,9,0,0,0.6111111,0.24074069,0.38888887,0.24074073,1.3333334,0,4,0,-4,8,-4,4,1,-2.0943952,0
61,92,9,0,0,1.2777777,1.0628407,0.55555534,0.6206325,17.25926,12.888889,25.777779,13.111111,-13.111111,25.555555,-12.444445,25.777779,0.49969473,-2.11184,0
49,116,9,0,0,1.3333334,0.31111145,2.111111,1.3185191,3,0.8888889,6,2.1111112,-6.3333335,9,-2.6666667,6,0.8755291,-2.3130133,0
8,93,9,0,0,0.8333333,0.45946798,1.0555559,0.9289585,19.88889,15.111111,28.88889,15.666667,-14.333333,27,-12.666667,28.88889,0.48024568,-2.1362147,0
55,145,9,0,0,5.0555553,2.9770727,1,0.4216377,26.777779,24.222221,33.333336,22.777779,-7.6666665,19.666666,-12,33.333336,0.31533822,-1.934686,0
217,80,9,0,0,0.5555555,0.5837303,2.7777777,0.72008204,15.851851,11.888889,23.222221,12.444445,-11.888889,22.11111,-10.222222,23.222221,0.48998156,-2.142269,0
68,103,9,0,0,0.66666675,0.57777774,1.111111,0.96296334,2.148148,0.11111111,5.6666665,0.6666667,-6.111111,10.555555,-4.4444447,5.6666665,0.9876543,-2.1854658,0
202,193,9,0,0,1.111112,0.7503075,3.3888881,2.489236,41.703705,37.88889,50.666668,36.555557,-11.444445,26.88889,-15.444445,50.666668,0.27838665,-1.9929975,0
2,171,9,0,0,1.9444447,1.2186809,3.6666667,3.1269426,45.77778,41,56.333332,40,-14.333333,31.666666,-17.333334,56.333332,0.28798285,-2.0329285,0
137,92,9,0,0,7.3888893,7.3799014,0.7777779,0.34426498,9.962963,7.111111,15.555555,7.2222223,-8.555555,16.777779,-8.222222,15.555555,0.6084366,-2.0967047,0
77,185,9,0,0,2.944445,7.6629586,6.2222214,32.118523,32.555557,29.222221,39.666668,28.777779,-10,21.333334,-11.333333,39.666668,0.27036038,-2.0852716,0
214,84,9,0,0,0.22222202,0.27216527,0.44444466,0.34426498,17.185184,13,24.88889,13.666667,-12.555555,23.11111,-10.555555,24.88889,0.47722223,-2.152852,0
52,102,9,0,0,0.72222227,0.50740725,0.8333333,0.5666668,2.8888888,0.6666667,6.3333335,1.6666666,-6.6666665,10.333333,-3.6666667,6.3333335,0.89973545,-2.2617195,0
76,89,9,0,0,1.0555558,0.952579,3.2777784,2.4532664,16.814816,12.888889,24.444445,13.111111,-11.777778,22.88889,-11.111111,24.444445,0.47304532,-2.11184,0
75,131,9,0,0,0.22222222,0.029629637,0.33333334,0.04444442,0.5185185,0,1.5555556,0,-1.5555556,3.1111112,-1.5555556,1.5555556,1,-2.0943952,0
109,100,9,0,0,0.944444,0.49065506,0.44444466,0.40368706,57.148148,51.555557,69.66667,50.22222,-16.777779,37.555557,-20.777779,69.66667,0.27896288,-2.024061,0
157,85,9,0,0,1.2222223,1.2412657,0.22222233,0.17213264,18.925926,14.555555,26.88889,15.333333,-13.111111,23.88889,-10.777778,26.88889,0.45902446,-2.1609125,0
239,110,9,0,0,0.277778,0.06296304,0.22222233,0.029629655,9.444445,6.111111,15.888889,6.3333335,-10,19.333334,-9.333333,15.888889,0.6206427,-2.1202655,0
118,109,9,0,0.11111111,3.5555553,2.6555324,3.9999993,3.0840094,13.296296,7,22.333334,10.555555,-18.88889,27.11111,-8.222222,22.333334,0.694627,-2.3440928,0
190,136,9,0,0,2.277778,1.529629,2.8333333,0.61111045,4.851852,2.8888888,8.555555,3.1111112,-5.888889,11.111111,-5.2222223,8.555555,0.70975137,-2.1239047,0
140,116,9,0.11111111,0,1.777778,1.2232317,0.55555534,0.501848,46.814816,42.333336,56.555557,41.555557,-13.444445,29.222221,-15.777778,56.555557,0.26456326,-2.0386236,0
117,181,9,0.11111111,0,1.8333334,1.2427571,3.0000007,2.054805,46.88889,43,56.88889,40.77778,-11.666667,30,-18.333334,56.88889,0.28328654,-1.9490879,0
178,183,9,0.11111111,0,2.7222214,2.398302,4.6666665,3.6998506,55.74074,49.666668,69.66667,47.88889,-18.222221,41.77778,-23.555555,69.66667,0.31236586,-2.0051956,0
103,185,9,0,0,1.8333324,4.655558,9.888888,94.91854,30.88889,27.777779,37,27.88889,-9.333333,18.333334,-9,37.555557,0.25044397,-2.4505804,0
9,171,9,0,0,1.4999994,1.0055392,2.7777774,1.64204,45.925926,41,57.22222,39.555557,-14.777778,33.88889,-19.11111,57.22222,0.30794257,-2.0107226,0
189,107,9,0,0,2.6666667,0.69920635,0.8333333,0.7226496,27.777779,23.444445,35.11111,24.777779,-13,22,-9,35.11111,0.3324073,-2.2014954,0
7,134,9,0,0,0.055555563,0.018518524,0.055555556,0.01851852,0.037037037,0,0.11111111,0,-0.11111111,0.22222222,-0.11111111,0.11111111,0.11111111,-2.0943952,0
233,197,9,0,0.11111111,3.8888874,2.78621,2,1.2649122,49.74074,44.333332,61.444443,43.444443,-16.222221,35.11111,-18.88889,61.444443,0.29465598,-2.0433986,0
22,200,9,0,0,2.8888874,2.4098568,4.8333325,2.622552,54.703705,47.88889,69,47.22222,-20.444445,42.88889,-22.444445,69,0.3173622,-2.0656626,0
220,61,9,0,0,0.27777776,0.13608277,0.5555556,0.27216548,6.888889,4.5555553,12,4.111111,-7,15.333333,-8.333333,12,0.65589225,-2.039459,0
205,190,9,0,0,1.2777773,0.9981452,1.6111107,1.1238158,49.48148,44.77778,60.666668,43,-14.111111,33.555557,-19.444445,60.666668,0.29078844,-1.9875989,0
206,12,9,0,0,2.6111112,1.4819909,4.5,3.3582406,11.444445,8.444445,17.666668,8.222222,-9,18.666666,-9.666667,17.666668,0.5437747,-2.0644825,0
130,32,9,0,0,1.1111113,1.047041,0.83333397,0.83665866,59.48148,54.22222,70.88889,53.333332,-15.777778,34.22222,-18.444445,70.88889,0.24900064,-2.042422,0
51,141,9,0,0,0.5555556,0.11851845,0.22222225,0.074074075,0.7037037,0.33333334,1.7777778,0,-1.1111112,3.2222223,-2.1111112,1.7777778,0.8888889,-1.9212171,0
86,179,9,0,0,2,1.2823589,3.555556,3.0743864,50.555557,45.77778,62.11111,43.77778,-14.333333,34.666668,-20.333334,62.11111,0.29654688,-1.9786568,0
252,176,9,0,0.11111111,1.8888887,1.1482687,5.0555553,2.855145,52.925926,46.333332,67,45.444443,-19.777779,42.22222,-22.444445,67,0.32042044,-2.0516355,0
18,142,9,0,0,0.77777773,0.65185183,0.2777778,0.15185186,0.5555556,0.11111111,1.3333334,0.22222222,-1.3333334,2.3333333,-1,1.3333334,0.41666666,-2.1595633,0
200,189,9,0,0,1.1111113,1.0886619,3.1666667,1.0055408,49.666668,45.11111,60.88889,43,-13.666667,33.666668,-20,60.88889,0.2938097,-1.9732205,0
252,76,9,0,0,1.7222214,1.1434186,0.5555547,0.34426576,42.296295,36,54.11111,36.77778,-18.88889,35.444443,-16.555555,54.11111,0.334876,-2.1390018,0
215,84,9,0,0,0.33333334,0.29814252,0.3888893,0.3277306,17.11111,13,24.777779,13.555555,-12.333333,23,-10.666667,24.777779,0.475,-2.1438966,0
245,129,9,0,0,0,0,0,0,0,0,0,0,0,0,0,0,0,0,0
3,78,9,0,0.11111111,14.833332,356.16672,43.333332,662.35547,79.666664,70.77778,91.44444,76.77778,-26.666666,35.333332,-8.666667,91.44444,0.26973316,-2.4116454,0
114,129,9,0.11111111,0,2.055556,1.1434174,0.77777606,0.88610685,62.407406,54.22222,78,55,-24.555555,46.77778,-22.222221,78,0.30597952,-2.1269891,0
114,145,9,0.11111111,0,2.166666,1.3123348,0.99999934,0.6992059,61.11111,52.444443,76.77778,54.11111,-26,47,-21,76.77778,0.31713998,-2.1661513,0
50,109,9,0,0,2.222222,1.2296311,1.9999996,5.911112,5.6666665,2.5555556,9.666667,4.7777777,-9.333333,12,-2.6666667,9.666667,0.7607343,-2.4139924,0
96,138,9,0,0,0.72222227,0.6469301,0.94444436,0.7123256,1.1481482,0.11111111,2.7777777,0.5555556,-3.1111112,4.888889,-1.7777778,2.7777777,0.9777778,-2.219242,0
94,144,9,0,0,0.44444442,0.118518494,0.49999997,0.1666667,1.1481482,0,3.4444444,0,-3.4444444,6.888889,-3.4444444,3.4444444,1,-2.0943952,0
124,101,9,0,0.11111111,3.3888886,27.97407,6.4444447,59.496284,10.185185,5.7777777,15.555555,9.222222,-13.222222,16.11111,-2.8888888,15.555555,0.70008737,-2.4480398,0
151,89,9,0,0,8.388889,4.577317,0.72222203,0.38968238,31.703703,27.333334,41,26.777779,-13.111111,27.88889,-14.777778,41,0.35127252,-2.0465415,0
76,134,9,0.11111111,0,2.5555546,1.4401643,1.4444441,0.54433167,48.925926,41.88889,63.11111,41.77778,-21.11111,42.555557,-21.444445,63.11111,0.3411113,-2.0869143,0
61,119,9,0,0,0.83333325,0.8333332,1.0555555,0.95185167,1.2222222,0.11111111,3.2222223,0.33333334,-3.3333333,6,-2.6666667,3.2222223,0.984127,-2.133095,0
197,161,9,0,0,1.9999996,5.5555515,11.5,99.63333,42.37037,36.88889,51.666668,38.555557,-16.444445,27.88889,-11.444445,51.77778,0.27503988,-2.395566,0
141,163,9,0,0,0.7777767,0.42963055,18.777777,1.851823,40.703705,35.22222,48.88889,38,-16.444445,24.555555,-8.111111,48.88889,0.27005577,-2.3884537,0
245,73,9,0,0,8.222222,6.2739906,10.722222,7.6809044,46.666668,32.11111,70.111115,37.77778,-43.666668,70.333336,-26.666666,70.111115,0.5490324,-2.2512536,0
4,201,9,0,0.22222222,2.722222,1.6788458,5.2222214,3.1245742,53.703705,47.11111,67.22222,46.77778,-19.777779,40.555557,-20.777779,67.22222,0.30885938,-2.0752265,0
18,87,9,0,0,1.5555555,1.9626132,1.8888887,1.7469552,2.925926,1.2222222,5.6666665,1.8888888,-5.111111,8.222222,-3.1111112,5.6666665,0.86277056,-2.2294934,0
187,106,9,0,0,4.055556,12.329637,7,53.244434,37.703705,34.11111,45.77778,33.22222,-10.777778,24.222221,-13.444445,45.77778,0.27090696,-2.0101776,0
162,66,9,0,0,2.055556,0.95258,9.222221,7.073164,42.592594,41,47.77778,39,-4.7777777,15.555555,-10.777778,47.77778,0.18499897,-1.8380795,0
248,160,9,0,0,3,8.888896,2.166668,3.7666693,43.925926,37.11111,57.11111,37.555557,-20.444445,39.555557,-19.11111,57.11111,0.35403678,-2.1137917,0
68,122,9,0,0,2.777778,2.0294137,1.5555559,1.9962927,20.148148,14.222222,31.11111,15.111111,-17.777779,32.88889,-15.111111,31.11111,0.54582953,-2.0601704,0
44,125,9,0,0,0.5,0.21111107,0.44444433,0.16296282,18.222221,14.888889,24.777779,15,-10,19.666666,-9.666667,24.777779,0.39868945,-2.1040828,0
79,28,9,0,0,4.277777,3.7618961,0.8333333,0.6582806,62.407406,53.444443,79.111115,54.666668,-26.88889,50.11111,-23.222221,79.111115,0.32455578,-2.1445074,0
48,139,9,0,0,2.4444447,1.6821502,1.833334,1.048809,48.22222,42.555557,60.444443,41.666668,-17,36.666668,-19.666666,60.444443,0.3108182,-2.0442379,0
121,189,9,0,0,2.277778,2.1951132,4.944445,4.007863,62.074074,54.77778,77.55556,53.88889,-21.88889,46.444443,-24.555555,77.55556,0.30540445,-2.054084,0
71,125,9,0,0,0.6666667,0.47140455,0.7222223,0.49065357,16.407408,12.444445,23.666666,13.111111,-11.888889,21.777779,-9.888889,25.333334,0.56104016,-1.7934027,0
105,189,9,0,0,2.0555553,1.5116827,4.4444447,3.4555368,61.407406,55,75.44444,53.77778,-19.222221,42.11111,-22.88889,75.44444,0.28551513,-2.0358937,0
43,141,9,0,0,0.44444442,0.17213267,0.16666667,0.18257418,0.7777778,0,2.3333335,0,-2.3333333,4.6666665,-2.3333333,2.3333335,1,-2.0943952,0
45,149,9,0,0,2.5,3.322223,0.6666663,0.2666663,16.814816,13.444445,23.777779,13.222222,-10.111111,20.88889,-10.777778,23.777779,0.45334122,-2.0692513,0
80,72,9,0,0,1.2222227,1.0036967,1.4444441,1.1674612,59,51.333332,74.44444,51.22222,-23,46.333332,-23.333334,74.44444,0.31460637,-2.0902212,0
139,128,9,0,0,2.9444444,7.8851867,3.166667,12.433335,5.296296,2.4444444,9.555555,3.8888888,-8.555555,12.777778,-4.2222223,9.555555,0.8047243,-2.3003678,0
230,117,9,0,0,3.2777786,0.92895794,1.4444433,0.86066324,39.037037,33.555557,49.77778,33.77778,-16.444445,32.22222,-15.777778,49.77778,0.33502588,-2.1062348,0
78,85,9,0,0,5.4999995,2.105549,6.4999995,4.5983086,48.88889,42.444443,61.555557,42.666668,-19.333334,38,-18.666666,61.555557,0.31522787,-2.0973632,0
32,158,9,0,0,0.9444445,0.8629626,0.8333333,0.6111108,7.962963,6.3333335,11.888889,5.6666665,-4.888889,11.777778,-6.888889,11.888889,0.5205782,-1.9828341,0
136,129,9,0.11111111,0,1.9444447,3.0851877,1.9999996,3.1555579,24.703703,19.11111,34.88889,20.11111,-16.777779,30.555555,-13.777778,34.88889,0.44974732,-2.1610465,0
144,139,9,0,0,5.5000005,3.9444458,1.3888893,0.5962944,64.666664,57.88889,78.77778,57.333332,-20.333334,42.333332,-22,78.77778,0.27568987,-2.065471,0
2,96,9,0,0,3.833333,13.2777815,2.3333333,7.5111103,5.2222223,2.1111112,9.777778,3.7777777,-9.333333,13.666667,-4.3333335,9.777778,0.82478386,-2.3306925,0
185,85,9,0,0,9.277779,81.485176,2.8333328,9.188898,49.148148,45,59.555557,42.88889,-12.444445,31.222221,-18.777779,59.555557,0.27872574,-1.9542203,0
84,134,9,0,0,0.44444442,0.118518464,0.72222215,0.1518519,2.1111112,1,4.666667,0.6666667,-3.3333333,7.6666665,-4.3333335,4.666667,0.8740741,-2.0131435,0
186,162,9,0,0,1.6111122,0.59629595,12.388888,66.818535,44.074074,37.444443,54.666668,40.11111,-19.88889,31.777779,-11.888889,54.666668,0.3015076,-2.3866708,0
16,82,9,0,0,4.3333335,41.288895,6.222223,66.65185,8.481482,4.3333335,14.555555,6.5555553,-12.444445,18.222221,-5.7777777,14.555555,0.7428191,-2.3206284,0
197,144,9,0,0,0.9444444,0.7123252,0.38888887,0.49065337,0.7037037,0.33333334,1.6666666,0.11111111,-1.1111112,2.8888888,-1.7777778,1.6666666,0.8611111,-1.9869384,0
99,198,9,0,0,5.055554,6.4339952,5.6666665,5.7927146,58.333332,51.88889,72.333336,50.77778,-19.333334,42,-22.666666,72.333336,0.29965425,-2.0358741,0
248,200,9,0,0,1.388888,0.9525792,1.777778,1.1674607,46.11111,41.333336,56.555557,40.444443,-14.333333,31.333334,-17,56.555557,0.28666258,-2.0380163,0
53,134,9,0,0,2.1666667,0.3,0.27777767,0.018518496,6.962963,4.666667,11.222222,5,-6.888889,12.777778,-5.888889,11.222222,0.5872341,-2.1384587,0
104,191,9,0,0,3.222222,1.9739053,3.777778,2.9033842,63.074074,55.333332,79.22222,54.666668,-23.222221,48.444443,-25.222221,79.22222,0.31158692,-2.0659478,0
42,57,9,0,0,1.3888906,0.97562754,0.99999875,0.36514837,65.703705,59.444443,79.44444,58.22222,-18.777779,41.22222,-22.444445,79.44444,0.26677614,-2.0307028,0
203,182,9,0,0,3.722222,2.576964,3.6111114,1.705112,54.925926,49.444443,68.111115,47.22222,-16.444445,39.555557,-23.11111,68.111115,0.3067216,-1.9803478,0
146,97,9,0,0,10.111111,4.597905,0.6111107,0.5741327,47.962963,46,54.333332,43.555557,-5.888889,19.11111,-13.222222,54.333332,0.19711515,-1.8407352,0
155,40,9,0,0,1.888889,2.072751,0.05555554,0.13608274,1.2592592,1.2222222,1.5555556,1,-0.11111111,0.8888889,-0.7777778,1.5555556,0.11666667,-1.5707964,0
160,41,9,0,0,0.8333333,0.8096638,0.22222225,0.17213258,0.7037037,0.5555556,1.2222222,0.33333334,-0.44444445,1.5555556,-1.1111112,1.2222222,0.537037,-1.8451205,0
142,140,9,0,0,4.2222223,1.2938595,1.5,0.7226494,26.444445,23.444445,32.333336,23.555555,-9,17.666666,-8.666667,32.333336,0.2850997,-2.1004875,0
4,210,9,0,0,4.7222233,4.018937,5.722222,2.184966,49.74074,44.22222,62.22222,42.77778,-16.555555,37.444443,-20.88889,62.22222,0.3142778,-2.0144343,0
197,121,9,0,0,21.666666,17.3628,0.94444436,0.9047208,41.037037,37.444443,49.444443,36.22222,-10.777778,25.222221,-14.444445,49.444443,0.28057775,-1.9955361,0
196,95,9,0,0,1.722222,1.1238165,1.3333335,1.264911,7.6296296,6.7777777,10.777778,5.3333335,-2.5555556,9.444445,-6.888889,10.777778,0.51256585,-1.7492584,0
4,96,9,0,0,2.222222,2.9629638,1.5555555,2.2518516,3.5555556,0.8888889,7.7777777,2,-8,12.666667,-4.6666665,7.7777777,0.91006523,-2.2444818,0
140,125,9,0,0,0.66666657,0.22222227,2.6666667,3.7777781,3.925926,1.5555556,7.7777777,2.4444444,-7.111111,11.555555,-4.4444447,7.7777777,0.85319865,-2.2342408,0
166,154,9,0,0,0.11111113,0.029629637,0.44444445,0.074074075,0.7037037,0.22222222,1.8888888,0,-1.4444444,3.5555556,-2.1111112,1.8888888,1,-2.0175102,0
182,39,9,0,0,5.5000005,5.737789,0.611111,0.8798151,9.518518,7.3333335,14.333333,6.888889,-6.5555553,14.444445,-7.888889,14.333333,0.5760211,-2.0362277,0
236,102,9,0,0,1.0555559,0.06296285,1.7777792,1.229628,51.703705,46.22222,64.333336,44.555557,-16.444445,37.88889,-21.444445,64.333336,0.30700684,-2.0098543,0
198,183,9,0,0,1.0555547,1.1816497,3.3888881,1.5974506,54.037037,48.88889,66.55556,46.666668,-15.444445,37.555557,-22.11111,66.55556,0.2986217,-1.9749589,0
13,191,9,0,0,3.5555556,5.4074097,7.777778,40.02962,25.296297,23.555555,29.88889,22.444445,-5.2222223,13.777778,-8.555555,30.11111,0.2371126,-1.8582636,0
22,87,9,0,0,1.8888899,1.2590423,1.1666666,0.62361073,64.03704,55.77778,80.333336,56,-24.777779,48.88889,-24.11111,80.333336,0.30969977,-2.105073,0
251,173,9,0.11111111,0,2.1666672,1.8348475,2.3888881,1.2367805,56.77778,49.88889,71.55556,48.88889,-20.666666,44.333332,-23.666666,71.55556,0.3183665,-2.048199,0
166,36,9,0,0,0,0,0,0,0,0,0,0,0,0,0,0,0,0,0
181,162,9,0,0,2.6666653,7.155551,13.388888,9.662939,42.185184,36.444443,51.333332,38.77778,-17.222221,27.444445,-10.222222,51.333332,0.28552282,-2.3274822,0
145,155,9,0,0.11111111,4.944444,35.618523,9.944445,121.396286,11.296296,7.7777777,17.555555,8.555555,-10.555555,18.777779,-8.222222,17.555555,0.74729437,-2.1405313,0
231,30,9,0,0.11111111,0.72222215,0.7123252,2.9999998,2.7968237,7.037037,4.7777777,11.666667,4.666667,-6.7777777,13.888889,-7.111111,11.666667,0.6137184,-2.047276,0
33,142,9,0,0,1.888889,1.3770607,0.88888884,1.4089661,3.851852,1.6666666,7.2222223,2.6666667,-6.5555553,10.111111,-3.5555556,7.2222223,0.8135803,-2.2806025,0
14,146,9,0.11111111,0,0.888889,0.4740738,1.1111112,0.7407407,10.592592,8,15.666667,8.111112,-7.7777777,15.222222,-7.4444447,15.666667,0.48786426,-2.1089108,0
56,107,9,0,0.11111111,4.555556,13.407408,6.7777786,23.185177,7.962963,4.5555553,13,6.3333335,-10.222222,15.111111,-4.888889,13,0.7305922,-2.2917624,0
167,189,9,0,0,3.7777774,2.2377224,3.7777774,1.544405,58.407406,51.333332,72.44444,51.444443,-21.222221,42.11111,-20.88889,72.44444,0.29552308,-2.1013258,0
209,94,9,0,0,1.0000002,0.7601168,0.6111111,0.49065334,9.111111,5.888889,15.222222,6.2222223,-9.666667,18.333334,-8.666667,15.222222,0.6197129,-2.1293402,0
112,197,9,0,0,4.2222233,2.9938211,4.9444447,3.1227946,50.333332,44.666668,62.22222,44.11111,-17,35.666668,-18.666666,62.22222,0.29632849,-2.0712209,0
125,149,9,0,0,0,0,0,0,0,0,0,0,0,0,0,0,0,0,0
169,104,9,0,0,1.5555555,1.7722139,5.611111,2.2550344,18.518518,16,23.333334,16.222223,-7.5555553,14.444445,-6.888889,23.333334,0.31471258,-2.1139183,0
151,163,9,0,0,2.0555556,2.2851863,18.166666,41.988934,40,34.555557,48,37.444443,-16.333334,24,-7.6666665,48.11111,0.2638465,-2.5174901,0
170,189,9,0,0,2.277778,1.3235757,2.4444447,1.7847092,51.11111,45.77778,63.333332,44.22222,-16,36.666668,-20.666666,63.333332,0.30134642,-2.0089307,0
42,201,9,0,0,2.1111107,2.0184336,4.333332,4.7234635,59.333332,52.555557,74,51.444443,-20.333334,44,-23.666666,74,0.3066086,-2.042514,0
83,81,9,0,0,0.44444337,0.34426504,0.7222214,0.38968188,59.444443,51.88889,74.44444,52,-22.666666,45,-22.333334,74.44444,0.30741948,-2.0988503,0
181,186,9,0.11111111,0,2.9444454,2.7114286,2.0555553,1.6788442,48.814816,44.11111,60.444443,41.88889,-14.111111,34.88889,-20.777779,60.444443,0.30702683,-1.9685109,0
37,76,9,0,0,1.777778,0.9185186,1.8333334,1.8111115,8.259259,3.7777777,13.333333,7.6666665,-13.444445,15.222222,-1.7777778,13.333333,0.7230108,-2.5202148,0
93,147,9,0,0,3.0555553,3.5864975,3.5555553,3.2157025,7.703704,6.4444447,9.888889,6.7777777,-3.7777777,6.5555553,-2.7777777,9.888889,0.3494709,-2.0645137,0
10,137,9,0,0,0.5555555,0.07407411,0.2777778,0.018518511,0.9259259,0.11111111,2.6666667,0,-2.4444444,5.2222223,-2.7777777,2.6666667,1,-2.0561552,0
202,63,9,0,0,0.38888907,0.3277309,0.44444466,0.27216563,6.0740743,4,10.555555,3.6666667,-6.2222223,13.444445,-7.2222223,10.555555,0.65353537,-2.04457,0
104,147,9,0,0.11111111,3.1111114,2.1875062,4.6666665,2.5991445,49.77778,43.77778,62.444443,43.11111,-18,38,-20,62.444443,0.30910617,-2.0563772,0
167,190,9,0,0,3.055556,0.85418355,5.055556,2.784215,51.074074,44.88889,63.22222,45.11111,-18.555555,36.444443,-17.88889,63.22222,0.29895782,-2.1126902,0
165,186,9,0,0,2.5555546,1.5729187,2,1.173788,49.51852,45.11111,61.11111,42.333336,-13.222222,34.77778,-21.555555,61.11111,0.3072572,-1.9408131,0
57,119,9,0,0,2.2777774,2.0266733,1.7777777,1.721326,20.592592,12.222222,33.666668,15.888889,-25.11111,39.22222,-14.111111,33.666668,0.6356236,-2.2681484,0
96,94,9,0,0,0.7222226,0.28518537,0.44444466,0.42963016,20.222221,16,28.777779,15.888889,-12.666667,25.666666,-13,28.777779,0.45154575,-2.084893,0
169,117,9,0,0,1.222222,0.6206324,1.111111,1.2938602,31.25926,27.444445,39,27.333334,-11.444445,23.222221,-11.777778,39,0.30714995,-2.0889142,0
217,73,9,0,0,0.88888884,0.78518516,1.7222223,0.86296207,4.851852,1.7777778,9.666667,3.1111112,-9.222222,14.444445,-5.2222223,9.666667,0.82250714,-2.268176,0
121,107,9,0,0,1.5555553,0.8740748,13.166667,5.5888996,54,49.444443,64.44444,48.11111,-13.666667,31.333334,-17.666666,64.44444,0.25266927,-2.0036066,0
117,110,9,0,0,2.3333333,2.9059324,2.277777,1.9022408,17.222221,9.222222,29,13.444445,-24,35.333332,-11.333333,29,0.6807869,-2.321226,0
244,194,9,0,0,1.722222,1.14342,2.277778,2.03761,49.74074,44.444443,61.666668,43.11111,-15.888889,35.77778,-19.88889,61.666668,0.30085307,-2.0218375,0
199,144,9,0,0,0.33333334,0.5163977,0.33333334,0.36514834,0.44444445,0.11111111,1.1111112,0.11111111,-1,2,-1,1.1111112,0.7407407,-2.0943952,0
94,135,9,0,0,2.277778,1.2629623,0.5555555,0.38518512,2.1851852,0.7777778,4.888889,0.8888889,-4.2222223,8.111111,-3.8888888,4.888889,0.88800704,-2.1109743,0
49,95,9,0,0,1.6666665,5.911111,3,3.2888885,5.185185,2.2222223,9.444445,3.8888888,-8.888889,12.777778,-3.8888888,9.444445,0.79410774,-2.3264554,0
180,162,9,0,0,3.1111095,5.762963,12.944446,9.396256,41.48148,35.666668,50.555557,38.22222,-17.444445,27.222221,-9.777778,50.555557,0.29110643,-2.3353713,0
29,85,9,0,0,2.833333,2.9420328,2.3888888,3.0508046,4.0740743,2.1111112,6.7777777,3.3333333,-5.888889,8.111111,-2.2222223,6.7777777,0.76296294,-2.3698635,0
161,147,9,0,0,0,0,0,0,0,0,0,0,0,0,0,0,0,0,0
159,116,9,0.11111111,0,0.4444437,0.34426528,2.0555553,1.1038655,29.814816,25.666666,37.11111,26.666666,-12.444445,21.88889,-9.444445,37.11111,0.31028613,-2.1775072,0
129,91,9,0,0.11111111,27.277779,752.24066,25.277779,377.9295,44.296295,38.444443,52.666668,41.77778,-17.555555,25.11111,-7.5555553,52.666668,0.34888473,-2.3202722,0
68,103,9,0,0,0.66666675,0.57777774,1.111111,0.96296334,2.148148,0.11111111,5.6666665,0.6666667,-6.111111,10.555555,-4.4444447,5.6666665,0.9876543,-2.1854658,0
180,179,9,0,0,2.2777784,2.5074108,4.555556,7.274074,35.48148,31.333334,44.11111,31,-12.444445,25.88889,-13.444445,44.11111,0.30116582,-2.0752,0
147,193,9,0,0,6.6111126,3.6050377,7.055556,5.4095254,51.74074,46.555557,63,45.666668,-15.555555,33.77778,-18.222221,63,0.27526647,-2.0801742,0
106,65,9,0.22222222,0,2.222222,1.655519,2.2777786,0.82775915,60.62963,53.666668,74.55556,53.666668,-20.88889,41.77778,-20.88889,74.55556,0.28732476,-2.0910368,0
66,160,9,0,0,3.0000007,4.044447,2.777778,0.4296295,22.851852,18.222221,31.555555,18.777779,-13.888889,26.11111,-12.222222,31.555555,0.4260139,-2.1387258,0
170,159,9,0.11111111,0,2.2777777,1.420746,1.611111,1.1816499,20.518518,20.333334,22.333334,18.88889,-0.5555556,5.4444447,-4.888889,22.333334,0.15127982,-1.5966792,0
100,194,9,0,0,1.722222,2.5941534,3.2222233,1.5006163,61.555557,54.77778,76.22222,53.666668,-20.333334,44,-23.666666,76.22222,0.29590768,-2.0427177,0
71,197,9,0,0,2.7222233,1.8549237,4.555556,2.1464868,55.444443,49.11111,69.55556,47.666668,-19,42.333332,-23.333334,69.55556,0.31473875,-2.0243213,0
76,138,9,0,0.22222222,3.2222226,3.8796716,5.5,2.4289908,16.518518,9.888889,24.777779,14.888889,-19.88889,24.777779,-4.888889,24.777779,0.60921985,-2.4395385,0
72,111,9,0,0,0.5,0.3,0.9444444,1.396296,1.2962962,0,3.5555556,0.33333334,-3.8888888,6.7777777,-2.8888888,3.5555556,1,-2.1394942,0
24,93,9,0,0,1.6111094,0.7722033,2.0555553,1.7309806,62.851852,54.77778,79.22222,54.555557,-24.222221,49.11111,-24.88889,79.22222,0.3155379,-2.0837152,0
203,83,9,0,0,0.3888893,0.1360832,0.22222233,0.40368673,17.074074,12.888889,24.88889,13.444445,-12.555555,23.444445,-10.888889,24.88889,0.48185185,-2.1437612,0
223,161,9,0,0,1.3888893,3.040736,8.999999,31.022234,42.037037,36,52.22222,37.88889,-18.11111,30.555555,-12.444445,52.22222,0.30841646,-2.282295,0
79,44,9,0,0,4.8888893,3.2018518,2.1111126,1.1287482,58.666668,50.11111,75.55556,50.333332,-25.666666,50.666668,-25,75.55556,0.33991683,-2.1026516,0
9,80,9,0,0,2.9444444,13.751853,16.666666,71.5111,23.62963,17.333334,31.666666,21.88889,-18.88889,24.11111,-5.2222223,31.666666,0.5142537,-2.4315135,0
9,76,9,0,0,1.2777778,1.4207457,1.6666666,1.8618987,2.4444444,0.8888889,4.666667,1.7777778,-4.6666665,6.6666665,-2,4.666667,0.87222224,-2.3408008,0
170,121,9,0,0,2.166667,1.8348485,2.7222223,1.9254632,32.37037,28.666666,40.555557,27.88889,-11.111111,24.555555,-13.444445,40.555557,0.3134271,-2.0242684,0
56,196,9,0,0,2.38889,1.4207458,4.444445,4.3902254,50.074074,44.333332,62.22222,43.666668,-17.222221,36.444443,-19.222221,62.22222,0.2979628,-2.0547533,0
120,124,9,0,0,8.999999,112.57778,11.166668,184.5222,53.77778,49,64.44444,47.88889,-14.333333,32,-17.666666,64.44444,0.26124597,-2.0173788,0
113,128,9,0,0,0.22222222,0.07407408,0.38888887,0.15185186,0.7407407,0,2.2222223,0,-2.2222223,4.4444447,-2.2222223,2.2222223,1,-2.0943952,0
31,96,9,0,0,2.3333333,3.6,2.7777777,6.162962,3.7777777,1,8,2.3333335,-8.333333,12.666667,-4.3333335,8,0.90923554,-2.268209,0
144,187,9,0,0,1.9444441,2.0484867,6.222222,3.512938,56.148148,49.88889,69.66667,48.88889,-18.777779,40.555557,-21.777779,69.66667,0.29995137,-2.0438795,0
101,121,9,0.11111111,0,0.6666667,0.843274,1.5,0.88819396,3.4074075,1.1111112,6,3.1111112,-6.888889,7.7777777,-0.8888889,6,0.8435185,-2.5191648,0
231,160,9,0,0,2.611111,8.240739,13.166667,139.85553,40.88889,34.11111,51.77778,36.77778,-20.333334,32.666668,-12.333333,51.77778,0.33961803,-2.335837,0
186,12,9,0,0,0.44444433,0.27216548,2.3333333,1.9663839,6.259259,3.8888888,11.333333,3.5555556,-7.111111,15.222222,-8.111111,11.333333,0.6873016,-2.057978,0
81,126,9,0,0.11111111,1.9444443,1.12963,1.0555555,0.28518513,2.9629629,0.5555556,6.5555553,1.7777778,-7.2222223,10.777778,-3.5555556,6.5555553,0.93570626,-2.2890973,0
162,190,9,0,0,3.0555553,1.0628418,6.1111107,5.2182016,57.333332,51,70,51,-19,38,-19,70,0.27956137,-2.1120865,0
162,159,9,0,0,2.1666667,0.9603238,2.2222223,1.4555128,26.11111,25.222221,29.555555,23.555555,-2.6666667,10.333333,-7.6666665,29.555555,0.20284556,-1.8025542,0
201,120,9,0.11111111,0,3.9444444,14.774076,3.722222,9.618522,3.7407408,1.4444444,7.6666665,2.1111112,-6.888889,11.777778,-4.888889,7.6666665,0.8930539,-2.180291,0
170,88,9,0,0,0.72222203,0.3896814,0.8333333,0.4594679,22.333334,18.222221,29.333334,19.444445,-12.333333,21,-8.666667,29.333334,0.3786151,-2.2082899,0
69,139,9,0,0,2.8333328,1.7732588,2.1111112,1.6688871,18.074074,16,22.555555,15.666667,-6.2222223,13.444445,-7.2222223,23.88889,0.38661182,-1.7028334,0
233,105,9,0,0,6.277777,2.313408,0.9444445,0.742867,15.185185,12.666667,19.777779,13.111111,-7.5555553,13.777778,-6.2222223,19.777779,0.35376814,-2.1615713,0
53,176,9,0,0,1.9444453,0.8798155,1.5555559,1.9962938,50.296295,45.444443,62.11111,43.333332,-14.555555,35.444443,-20.88889,62.11111,0.3024212,-1.9775702,0
177,190,9,0,0,0.94444466,0.82775986,1.3888893,0.9525794,52.407406,47.333332,64.55556,45.333332,-15.222222,36.444443,-21.222221,64.55556,0.29773334,-1.9858987,0
58,125,9,0,0,2.1666667,1.1105559,1.0555559,0.90472007,18.555555,11.111111,30.666666,13.888889,-22.333334,36.333332,-14,30.666666,0.6384555,-2.2419562,0
67,34,9,0,0,1.1111113,1.2232314,0.555556,0.5837306,54.25926,46.22222,70.333336,46.22222,-24.11111,48.22222,-24.11111,70.333336,0.34747013,-2.0945199,0
185,102,9,0,0,11.055557,73.70736,0.44444528,0.20740719,56.77778,51.11111,69.111115,50.11111,-17,37,-20,69.111115,0.27435303,-2.034054,0
54,91,9,0,0,1.4444443,1.540741,0.8333333,0.25555572,3.2592592,0.5555556,8,1.2222222,-8.111111,14.222222,-6.111111,8,0.94481075,-2.186723,0
127,143,9,0,0,1.5,0.12222214,0.88888884,0.60740745,4.185185,0.8888889,9.444445,2.2222223,-9.888889,15.777778,-5.888889,9.444445,0.915376,-2.2574124,0
239,123,9,0,0,0.5,0.077777736,0.5,0.16666667,1.5185186,0,4.2222223,0.33333334,-4.5555553,8.111111,-3.5555556,4.2222223,1,-2.1640944,0
74,127,9,0,0,4.8333335,3.6499624,1.6666666,1.2472203,45.25926,39.444443,57.333332,39,-17.444445,36.22222,-18.777779,57.333332,0.31732458,-2.061036,0
118,126,9,0,0,0.6666667,0.39999974,1.8333336,2.1222224,20.555555,16.11111,28.666666,16.88889,-13.333333,24.333334,-11,28.666666,0.437078,-2.1588047,0
99,149,9,0,0,3.6666667,4.577775,2.111111,1.5851847,21.37037,16.666668,30,17.444445,-14.111111,25.88889,-11.777778,30,0.4451721,-2.1417873,0
210,114,9,0,0,1.2777778,1.3074073,0.61111087,0.06296301,16.185184,11.444445,25,12.111111,-14.222222,26.444445,-12.222222,25,0.5462072,-2.1416595,0
112,90,9,0,0,7.38889,6.9455557,1.2777773,0.87981415,65.18519,57.666668,79.77778,58.11111,-22.555555,43.77778,-21.222221,79.77778,0.27834544,-2.108813,0
20,134,9,0,0,0.6666667,0.088888995,0.61111116,0.24074072,2.9629629,1.1111112,6.4444447,1.3333334,-5.5555553,10.444445,-4.888889,6.4444447,0.8292328,-2.133095,0
117,137,9,0,0,0.22222225,0.07407406,0.6666667,0.17777774,3.1111112,1.5555556,6.3333335,1.4444444,-4.6666665,9.666667,-5,6.3333335,0.77248675,-2.0750706,0
173,190,9,0.11111111,0,2.3333328,2.5647182,1.5555559,1.2049291,50.444443,44.88889,62.333332,44.11111,-16.666666,35.666668,-19,62.333332,0.2921254,-2.048697,0
180,123,9,0.11111111,0,1.7222214,2.1074064,1.1111113,0.5185183,57.48148,52.555557,68.55556,51.333332,-14.777778,33.22222,-18.444445,68.55556,0.2511938,-2.021502,0
198,148,9,0.11111111,0,1.6666666,0.84327394,1.111111,0.98130697,1.7777778,1.1111112,3.2222223,1,-2,4.3333335,-2.3333333,3.2222223,0.61296296,-2.0451503,0
3,91,9,0,0.11111111,2.2222223,5.051852,1,1.9555557,5.6296296,1.8888888,10.666667,4.3333335,-11.222222,15.111111,-3.8888888,10.666667,0.82974845,-2.3839493,0
152,98,9,0,0,7.0000014,3.8873014,1.0555559,0.7722023,28.777779,24.88889,37.11111,24.333334,-11.666667,25,-13.333333,37.11111,0.34639803,-2.0429404,0
171,187,9,0,0.11111111,2.9444454,1.7309813,2.6666672,2.4312778,48.37037,43.333332,60.11111,41.666668,-15.111111,35.22222,-20.11111,60.11111,0.3067255,-1.9985466,0
136,92,9,0,0,8.055554,44.774082,1,0.17777748,15.407408,11.666667,22.666666,11.888889,-11.222222,21.777779,-10.555555,22.666666,0.53354967,-2.1132734,0
74,129,9,0,0,0.22222222,0.029629637,0.11111111,0.029629635,0.5185185,0,1.5555556,0,-1.5555556,3.1111112,-1.5555556,1.5555556,1,-2.0943952,0
83,198,9,0,0,2.3888886,1.4969089,4.833334,3.0092454,59.77778,53.11111,74,52.22222,-20,42.666668,-22.666666,74,0.2963139,-2.0505745,0
134,148,9,0,0,0.11111113,0.17213261,0.055555556,0.13608277,0.037037037,0,0.11111111,0,-0.11111111,0.22222222,-0.11111111,0.11111111,0.11111111,-2.0943952,0
114,193,9,0,0,3.166666,2.4653153,4.5,2.5011096,57.814816,51.11111,72.55556,49.77778,-20.11111,44.22222,-24.11111,72.55556,0.3140923,-2.033804,0
95,127,9,0,0,0.22222222,0.07407406,0.22222222,0.02962962,0.6296296,0,1.8888888,0,-1.8888888,3.7777777,-1.8888888,1.8888888,1,-2.0943952,0
177,130,9,0,0,0.055555552,0.13608275,0.22222225,0.27216554,1.1851852,0.6666667,2.8888888,0,-1.5555556,5.111111,-3.5555556,2.8888888,1,-1.8611541,0
2,95,9,0.11111111,0,2.0555565,1.3402592,0.88889056,0.91084033,55.62963,47.444443,71.66667,47.77778,-24.555555,48.11111,-23.555555,71.66667,0.3377558,-2.1078582,0
136,45,9,0,0,1.222222,1.5444059,2.0555553,1.5263131,53.074074,48.11111,63.77778,47.333332,-14.888889,32.11111,-17.222221,63.77778,0.25936732,-2.0459049,0
47,119,9,0.11111111,0,2.2777777,2.2746592,1.3333334,1.3824296,4.3703704,2.1111112,6.7777777,4.2222223,-6.7777777,7.2222223,-0.44444445,6.7777777,0.7329263,-2.587228,0
104,139,9,0,0,0.33333334,0.5163977,0.33333334,0.5163977,0.6666667,0,1.7777778,0.22222222,-2,3.3333333,-1.3333334,1.7777778,1,-2.1507304,0
191,119,9,0,0,1.1111107,1.2938615,0.9444459,0.772202,39.851852,36.22222,48.22222,35.11111,-10.888889,25.11111,-14.222222,48.22222,0.27171725,-2.0059998,0
228,191,9,0,0,1.4444447,0.6206325,2.3333328,1.1925693,49.22222,44,60.555557,43.11111,-15.666667,34,-18.333334,60.555557,0.28958246,-2.040515,0
133,125,9,0,0,1.4444433,2.8296287,2.1111114,1.3185211,66.25926,61.11111,79.111115,58.555557,-15.444445,38.555557,-23.11111,79.111115,0.2598418,-1.9632003,0
147,182,9,0,0,2.2777786,1.7051128,2.9444447,1.5974519,43.592594,40.333336,52.555557,37.88889,-9.777778,26.88889,-17.11111,52.555557,0.27866945,-1.9191672,0
160,110,9,0,0,0.833333,0.6912145,0.4444437,0.2721654,31.62963,27.222221,39.333336,28.333334,-13.222222,23.11111,-9.888889,39.333336,0.3074441,-2.1872416,0
214,79,9,0,0,1.2777778,0.86296296,1.3333334,0.53333336,4.851852,2,9.222222,3.3333333,-8.555555,13.111111,-4.5555553,9.222222,0.7916667,-2.2889814,0
142,111,9,0,0,1.1111113,0.45541987,0.55555534,0.34426492,28.74074,24.555555,35.88889,25.777779,-12.555555,21.444445,-8.888889,35.88889,0.31548372,-2.2026672,0
226,176,9,0,0,3.0555546,3.2756119,2.3888893,2.870668,56.925926,50.444443,71.44444,48.88889,-19.444445,43.555557,-24.11111,71.44444,0.3158616,-2.0217843,0
159,138,9,0,0,0.16666667,0.16666667,0.3333334,0.13333334,2.6666667,1.1111112,5.888889,1,-4.6666665,9.666667,-5,5.888889,0.82685184,-2.0778158,0
242,81,9,0,0,1.5,1.1444466,1.2222227,0.7407415,38.25926,34.555557,47.22222,33,-11.111111,26.88889,-15.777778,47.22222,0.30079645,-1.9845657,0
97,46,9,0,0,1.6666673,1.6193271,2.2222207,1.4089662,62.333332,53.22222,79.111115,54.666668,-27.333334,50.333332,-23,79.111115,0.32671866,-2.1523037,0
231,91,9,0,0,0.4999999,0.27888656,0.5555554,0.17213255,6,4.5555553,9.777778,3.6666667,-4.3333335,11.333333,-7,9.777778,0.62065095,-1.9349097,0
10,112,9,0,0,0.33333334,0.42163706,0.50000006,0.1825741,0.44444445,0,1.2222222,0.11111111,-1.3333334,2.3333333,-1,1.2222222,0.6666667,-2.1519136,0
103,125,9,0,0,0.9444445,0.82775915,0.83333343,0.6912146,1.7777778,0.44444445,3.8888888,1,-4,6.3333335,-2.3333333,3.8888888,0.9238095,-2.2375617,0
244,134,9,0.11111111,0,2.1111126,1.1287498,1.0000006,0.7302964,44.703705,37.11111,58.22222,38.77778,-22.777779,40.555557,-17.777779,58.22222,0.36128438,-2.1753492,0
114,102,9,0,0,1.1111112,1.2296298,1.1666665,0.877778,4.037037,1,8.444445,2.6666667,-9.111111,13.222222,-4.111111,8.444445,0.8912177,-2.3161116,0
168,70,9,0,0,0.8333333,0.6111117,0.3888893,0.10740789,55.037037,51.555557,64.88889,48.666668,-10.444445,29.555555,-19.11111,64.88889,0.24982914,-1.9079554,0
57,118,9,0,0,2.833334,5.5,1.2222223,0.87407327,19.407408,15.555555,26.555555,16.11111,-11.555555,21.444445,-9.888889,26.555555,0.4187123,-2.14718,0
67,136,9,0,0,6.722223,3.7083488,2.6666667,3.1972213,15.518518,9,25.333334,12.222222,-19.555555,29.444445,-9.888889,25.333334,0.66081303,-2.3075109,0
205,106,9,0,0,0.7777777,0.4554203,0.3888893,0.1360822,17.481482,14.111111,24,14.333333,-10.111111,19.555555,-9.444445,24,0.41640097,-2.1176713,0
230,124,9,0,0,0.2777778,0.10740743,0.2777778,0.15185183,0.6666667,0,2,0,-2,4,-2,2,1,-2.0943952,0
156,154,9,0,0,0.2777778,0.3277307,0.77777773,0.544331,1.7407408,1,3.5555556,0.6666667,-2.2222223,5.4444447,-3.2222223,3.5555556,0.8388889,-1.9882019,0
182,186,9,0.11111111,0,3.666666,2.0439608,1.7777767,1.2412661,48.444443,43.77778,59.88889,41.666668,-14,34.333332,-20.333334,59.88889,0.30452195,-1.9730555,0
138,137,9,0.11111111,0,1.666667,1.7777779,1.0000001,0.17777735,7.6296296,3.1111112,13.888889,5.888889,-13.555555,18.777779,-5.2222223,13.888889,0.77986646,-2.3607821,0
21,122,9,0,0,0.44444445,0.4036867,0.44444445,0.4036867,0.5555556,0,1.2222222,0.44444445,-1.6666666,2,-0.33333334,1.2222222,0.5555556,-2.4445627,0
252,201,9,0,0,4.6111107,5.495115,5.5555553,5.795274,40.296295,35.77778,49,36.11111,-13.555555,26.11111,-12.555555,49,0.2753682,-2.1758256,0
200,193,9,0,0,2.555556,2.0403337,4.6111107,3.5926886,41.185184,37.444443,50,36.11111,-11.222222,26.444445,-15.222222,50,0.27987626,-1.9958013,0
225,90,9,0,0,0.38888893,0.2509241,0.55555564,0.45542005,6.5925927,4.666667,11.222222,3.8888888,-5.7777777,13.888889,-8.111111,11.222222,0.65115255,-1.987466,0
118,180,9,0,0,1.9444447,1.4819913,3.1111114,1.0886629,48.555557,44.11111,59,42.555557,-13.333333,31.333334,-18,59,0.27882218,-1.9960423,0
22,125,9,0,0,2.277778,1.8063672,2.4444447,1.3443986,58.22222,50.22222,73.77778,50.666668,-24,46.666668,-22.666666,73.77778,0.32390848,-2.1127234,0
206,105,9,0,0,0.27777734,0.06296308,0.61111134,0.15185204,50.185184,45.666668,60.88889,44,-13.555555,32.11111,-18.555555,60.88889,0.27710575,-1.9919642,0
94,144,9,0,0,0.44444442,0.118518494,0.49999997,0.1666667,1.1481482,0,3.4444444,0,-3.4444444,6.888889,-3.4444444,3.4444444,1,-2.0943952,0
121,112,9,0,0,2.3888886,1.7690756,0.5000003,0.2788867,23.703703,19.444445,32.333336,19.333334,-12.777778,25.88889,-13.111111,32.333336,0.40954432,-2.0852482,0
137,182,9,0,0,1.8333334,3.8555553,3.6111107,9.218522,34.925926,31.444445,42.88889,30.444445,-10.444445,23.88889,-13.444445,42.88889,0.28575617,-2.0011246,0
68,198,9,0,0.11111111,2.8888886,2.8803296,3.0555553,2.8706684,58.074074,51.444443,71.888885,50.88889,-19.88889,41.444443,-21.555555,71.888885,0.29130092,-2.0648882,0
37,103,9,0,0,1.7777777,2.1256804,2.9444447,3.421609,3.851852,1.8888888,6.2222223,3.4444444,-5.888889,7.111111,-1.2222222,6.2222223,0.79907405,-2.497929,0
194,178,9,0,0,1.222222,1.0518546,8,12.577775,33.666668,29.666666,41.88889,29.444445,-12,24.666666,-12.666667,41.88889,0.29696295,-2.103758,0
236,115,9,0,0,4.388889,3.6629639,0.44444418,0.07407387,14.740741,10.666667,22.222221,11.333333,-12.222222,22.444445,-10.222222,22.222221,0.5331259,-2.1516252,0
219,132,9,0,0,1.4444447,0.65546167,1.1111107,0.7503098,35.22222,29.555555,45.666668,30.444445,-17,31.333334,-14.333333,45.666668,0.35474625,-2.1469688,0
130,189,9,0.11111111,0,2.4999993,0.9831926,2.1111114,2.8100357,58.62963,51.77778,73.333336,50.77778,-20.555555,44.11111,-23.555555,73.333336,0.30798513,-2.0480576,0
1,189,9,0,0,1.3888875,0.4629626,12.388889,84.59629,23.592592,21.11111,29.333334,20.333334,-7.4444447,17.222221,-9.777778,29.333334,0.23309669,-2.0197496,0
112,102,9,0,0,0.5555555,0.20740739,1.5555555,0.4740743,3.3703704,0.5555556,7.6666665,1.8888888,-8.444445,12.888889,-4.4444447,7.6666665,0.94074076,-2.2751586,0
203,120,9,0,0,3.3333328,3.9111094,4.277778,9.262964,49.407406,44.88889,59.333332,44,-13.555555,29.777779,-16.222221,59.333332,0.2634666,-2.035243,0
80,87,9,0,0.11111111,24.388891,572.9964,44.722225,1386.3292,67.44444,58.77778,79,64.55556,-26,34.666668,-8.666667,79,0.30628127,-2.4221272,0
54,133,9,0,0,4.3888893,1.705111,1.2777773,1.2186816,21.444445,19.88889,25.777779,18.666668,-4.6666665,13,-8.333333,25.777779,0.27027062,-1.9038104,0
219,80,9,0,0,1.2777767,0.3296295,0.6666667,0.9333318,39.703705,36.333336,48.22222,34.555557,-10.111111,25.555555,-15.444445,48.22222,0.28296396,-1.9626464,0
141,17,9,0.11111111,0.22222222,3.7222226,4.4493027,5,2.319004,44.592594,40.333336,54,39.444443,-12.777778,28.222221,-15.444445,54,0.26818594,-2.030048,0
188,190,9,0,0,1.9444447,0.9756285,2.055556,1.103865,48.88889,44.22222,60,42.444443,-14,33.333332,-19.333334,60,0.29230747,-1.9863075,0
33,142,9,0,0,0.11111113,0.029629637,0.11111113,0.029629637,0.037037037,0,0.11111111,0,-0.11111111,0.22222222,-0.11111111,0.11111111,0.11111111,-2.0943952,0
8,162,9,0.11111111,0,1.611111,2.0629625,0.3333334,0.13333334,8.37037,6.6666665,12,6.4444447,-5.111111,10.888889,-5.7777777,12,0.48480532,-2.0449464,0
20,137,9,0,0,0.11111113,0.029629631,0.27777782,0.018518519,0.22222222,0,0.6666667,0,-0.6666667,1.3333334,-0.6666667,0.6666667,0.6666667,-2.0943952,0
96,135,9,0,0,0.38888893,0.06296293,0.16666664,0.033333324,1.925926,1,4.4444447,0.33333334,-2.7777777,7.5555553,-4.7777777,4.4444447,0.92777777,-1.9313321,0
123,194,9,0,0,2.555556,1.7847078,9.111109,7.7133846,60.814816,54.333332,74.888885,53.22222,-19.444445,42.22222,-22.777779,74.888885,0.29238248,-2.033605,0
113,114,9,0,0,0.94444466,0.5074079,0.33333364,0.08888922,25.814816,21,34.666668,21.777779,-14.444445,26.555555,-12.111111,34.666668,0.39392713,-2.1527398,0
187,89,9,0,0,1.7777777,1.7469549,0.9444444,0.80046284,5.037037,2.8888888,9.555555,2.6666667,-6.4444447,13.555555,-7.111111,9.555555,0.74090356,-2.0653422,0
166,66,9,0,0,0.7777767,0.6554609,5.2777767,4.959466,41.62963,40.555557,46.333332,38,-3.2222223,14.111111,-10.888889,46.333332,0.17887476,-1.7485459,0
17,204,9,0,0,2.0000007,1.2823583,2.1666667,0.7527733,57.25926,50.88889,71.22222,49.666668,-19.11111,41.88889,-22.777779,71.22222,0.3026711,-2.0373724,0
19,102,9,0,0,3.88889,1.5006163,1.1666666,0.62360954,58.37037,50.666668,73.44444,51,-23.11111,45.22222,-22.11111,73.44444,0.317014,-2.1020474,0
63,203,9,0,0,4.277778,3.7913144,3.4444447,4.0368657,58.48148,52.444443,71.66667,51.333332,-18.11111,39.555557,-21.444445,71.66667,0.28710723,-2.0346415,0
6,154,9,0,0,0.11111113,0.029629631,0.11111111,0.029629635,0.074074075,0,0.22222222,0,-0.22222222,0.44444445,-0.22222222,0.22222222,0.22222222,-2.0943952,0
250,160,9,0,0,2.1111114,1.1851863,1.5555553,2.740741,42.814816,36.444443,55.333332,36.666668,-19.11111,37.555557,-18.444445,55.333332,0.34714225,-2.1023183,0
198,122,9,0,0,1.5,0.8777781,11.444446,103.762955,36.185184,32.666668,44,31.88889,-10.555555,23.444445,-12.888889,44,0.29184964,-2.035377,0
118,126,9,0,0,0.6666667,0.39999974,1.8333336,2.1222224,20.555555,16.11111,28.666666,16.88889,-13.333333,24.333334,-11,28.666666,0.437078,-2.1588047,0
120,108,9,0,0,4.611111,3.498677,1.666666,1.5634735,58.074074,52.666668,69.55556,52,-16.222221,34.444443,-18.222221,69.55556,0.25245842,-2.0538688,0
166,110,9,0,0.11111111,0.61111134,0.24074027,2.1111114,2.2962978,29.296297,23,40.444443,24.444445,-18.88889,33.444443,-14.555555,40.444443,0.4318249,-2.182018,0
204,161,9,0,0,1.2777799,0.5074075,9.222222,73.0963,44.074074,38,54.555557,39.666668,-18.222221,31.444445,-13.222222,54.555557,0.3081043,-2.2382925,0
212,140,9,0,0,3.8333333,4.204495,0.66666657,0.6666667,2.8888888,2.6666667,3.3333333,2.6666667,-0.6666667,1.3333334,-0.6666667,3.3333333,0.06888328,-2.0943952,0
239,174,9,0,0,2.0000007,1.4452988,1.3888887,0.85418344,57.851852,50.444443,73.22222,49.88889,-22.222221,46.11111,-23.88889,73.22222,0.32026085,-2.069045,0
215,193,9,0,0,1.9999994,0.5163988,4.8333335,1.2952919,45.22222,40.88889,55.333332,39.444443,-13,30.333334,-17.333334,55.333332,0.28924206,-2.0001178,0
238,61,9,0,0,0.66666657,0.4714045,0.7222221,0.49065334,8.777778,5.888889,14.333333,6.111111,-8.666667,16.666666,-8,14.333333,0.5888227,-2.1218371,0
215,182,9,0,0,2.5555553,1.4707013,2.7222226,1.9823296,54.185184,48.555557,67.22222,46.77778,-16.88889,39.11111,-22.222221,67.22222,0.30405003,-2.0040817,0
127,118,9,0,0,11.555554,10.22995,0.8333337,0.6912154,34.333332,30.777779,41.666668,30.555555,-10.666667,22,-11.333333,41.666668,0.29394883,-2.0776675,0
222,93,9,0,0,1.7222223,0.0629626,0.16666669,0.033333343,2.4444444,1,5.4444447,0.8888889,-4.3333335,9,-4.6666665,5.4444447,0.8783951,-2.0750706,0
173,90,9,0,0,0.6666667,0.2666664,0.8333327,0.3444444,23.518518,17.333334,34.444447,18.777779,-18.555555,32.77778,-14.222222,34.444447,0.4967188,-2.182442,0
35,112,9,0.11111111,0,0.88888913,0.2962967,0.55555564,0.16296294,16.185184,12.111111,23.88889,12.555555,-12.222222,23.11111,-10.888889,23.88889,0.492526,-2.1333125,0
206,133,9,0,0,0.055555556,0.13608277,0.055555556,0.13608277,0.37037036,0,1.1111112,0,-1.1111112,2.2222223,-1.1111112,1.1111112,1,-2.0943952,0
33,131,9,0,0,0.44444445,0.80737346,1,1.0954453,0.7407407,0.22222222,1.7777778,0.22222222,-1.5555556,3.1111112,-1.5555556,1.7777778,0.4074074,-2.0943952,0
57,89,9,0,0,1.7222222,1.3066783,6.1666665,4.7034264,17,13,24.555555,13.444445,-12,22.666666,-10.666667,24.555555,0.47748852,-2.1297464,0
53,198,9,0,0,1.7222233,1.8549244,5.111111,1.6009259,51.666668,45.555557,64.22222,45.22222,-18.333334,37.666668,-19.333334,64.22222,0.29970714,-2.0726159,0
199,100,9,0,0,2.3888886,1.4407414,2.4444444,6.02963,6.0740743,2.7777777,11.555555,3.8888888,-9.888889,16.444445,-6.5555553,11.555555,0.7738155,-2.2262468,0
17,124,9,0,0,1.1666666,0.6111112,1.4444445,0.7851852,1.1481482,0.22222222,2.6666667,0.5555556,-2.7777777,4.5555553,-1.7777778,2.6666667,0.9537037,-2.1692097,0
32,206,9,0,0.11111111,2.8333328,1.7732568,5.611111,2.8080564,57.62963,50.444443,72.111115,50.333332,-21.555555,43.444443,-21.88889,72.111115,0.30568013,-2.0859342,0
174,145,9,0,0,0,0,0,0,0,0,0,0,0,0,0,0,0,0,0
25,91,9,0,0,1.611111,4.3740745,1.388889,0.99629617,3.8888888,0.8888889,8.111112,2.6666667,-9,12.666667,-3.6666667,8.111112,0.9114478,-2.3545752,0
211,154,9,0,0,0.11111113,0.029629631,0.38888893,0.062962964,0.25925925,0,0.7777778,0,-0.7777778,1.5555556,-0.7777778,0.7777778,0.5555556,-2.0943952,0
187,135,9,0,0,3.2777777,2.4629648,0.8333337,0.47777787,26.444445,20.222221,37,22.11111,-18.666666,31.666666,-13,37,0.45423168,-2.2119856,0
169,190,9,0,0,3.1111114,1.8094412,2.8888893,2.0940847,52.555557,46.88889,65,45.77778,-17,37.333332,-20.333334,65,0.2970586,-2.0348296,0
150,158,9,0,0,2.166667,1.6333338,1.388889,0.41851807,8.444445,7,12.222222,6.111111,-4.3333335,11.333333,-7,12.222222,0.50308645,-1.9434487,0
160,95,9,0,0,3.2222223,3.544427,0.22222225,0.4036867,2.148148,2.1111112,2.5555556,1.7777778,-0.11111111,1.2222222,-1.1111112,2.5555556,0.10119048,-1.6289082,0
163,151,9,0,0,3.833333,11.055564,1.5555557,2.2518542,30.481482,23.11111,42.77778,25.555555,-22.11111,36.88889,-14.777778,42.77778,0.45744765,-2.2196255,0
